28433
28433 -1 40 53292 39 53282
40 -19
53292 -1 42 53053 41 53044
42 -20
53053 -1 38 52826 37 52818
38 -18
52826 -1 28 52607 27 52602
28 -13
52607 -1 47785 52271 47784 52270 47783 52269
47785 -1 29 32
29 14
32 -15
52271 -1 51541 51167
51541 -1 34 50742
34 -16
50742 -1 36 30666
36 -17
30666 -1 24 26
24 -11
26 -12
51167 -1 46010 45327
46010 -1 41626 41174 46007 41173
41626 -1 40456 40298
40456 -1 4 6
4 -1
6 -2
40298 -1 8 40147
8 -3
40147 -1 10 12
10 -4
12 -5
41174 -1 40773 40611 40778 40605
40773 -1 14 16
14 -6
16 -7
40611 -1 18 28898 17 28894
18 -8
28898 -1 19 22 20 21
19 9
22 -10
20 -9
21 10
17 8
28894 -1 20 22
40778 -1 13 16 14 15
13 6
15 7
40605 -1 18 28894
46007 -1 40456 46006 40461 40298
46006 -1 8 40148 7 40147
40148 -1 10 11
11 5
7 3
40461 -1 3 6 4 5
3 1
5 2
41173 -1 40773 40605
45327 -1 34931 45164
34931 -1 34468 34399
34468 -1 44 46
44 -21
46 -22
34399 -1 48 34324
48 -23
34324 -1 49 52
49 24
52 -25
45164 -1 34781 45163
34781 -1 34654 34583
34654 -1 54 56
54 -26
56 -27
34583 -1 58 34512
58 -28
34512 -1 60 62
60 -29
62 -30
45163 -1 44043 45154 45159 43652
44043 -1 68 34975
68 -33
34975 -1 70 72
70 -34
72 -35
45154 -1 35284 43300 35289 43280
35284 -1 64 66
64 -31
66 -32
43300 -1 74 43061 73 43058
74 -36
43061 -1 76 35444 75 35441
76 -37
35444 -1 78 35322 77 35319
78 -38
35322 -1 79 82 80 81
79 39
82 -40
80 -39
81 40
77 38
35319 -1 80 82
75 37
35441 -1 78 35319
73 36
43058 -1 76 35441
35289 -1 63 66 64 65
63 31
65 32
43280 -1 74 43058
45159 -1 68 34976 67 34975
34976 -1 70 71
71 35
67 33
43652 -1 35284 43280
47784 -1 30 31
30 -14
31 15
52270 -1 51541 51168
51168 -1 45993 45330
45993 -1 41626 41174 45989 41173
45989 -1 40456 45980 40461 40298
45980 -1 7 40147 8 40145
40145 -1 9 12
9 4
45330 -1 34928 45187
34928 -1 34468 34398
34398 -1 48 34327
34327 -1 50 51
50 -24
51 25
45187 -1 34781 45186
45186 -1 44043 45154 45173 43652
45173 -1 67 34975 68 34973
34973 -1 69 72
69 34
47783 -1 30 32
52269 -1 51553 51176 51550 51173 51542 51171 51546 51170
51553 -1 34 50744
50744 -1 35 30666
35 17
51176 -1 51013 45325
51013 -1 41626 51008 41640 41173
51008 -1 40773 40611 40774 40605
40774 -1 13 16
41640 -1 40456 40304 40461 40298
40304 -1 8 40149 7 40147
40149 -1 9 12 10 11
45325 -1 34934 44609
34934 -1 34468 34397
34397 -1 48 34326
34326 -1 50 52
44609 -1 34783 44409
34783 -1 34658 34583
34658 -1 54 55
55 27
44409 -1 44043 43670 44048 43652
43670 -1 35284 43299 35289 43280
43299 -1 74 43059 73 43058
43059 -1 76 35444
44048 -1 68 34977 67 34975
34977 -1 69 72 70 71
51550 -1 34 50743
50743 -1 36 30669
30669 -1 24 25
25 12
51173 -1 51026 45341
51026 -1 41626 41174 51024 41173
51024 -1 40456 40304 40457 40298
40457 -1 3 6
45341 -1 34922 45219
34922 -1 34472 34397
34472 -1 44 45
45 22
45219 -1 34781 45218
45218 -1 44043 45212 44048 43652
45212 -1 35284 43300 35285 43280
35285 -1 63 66
51542 -1 33 50742
33 16
51171 -1 51035 45326
51035 -1 41626 51017 41640 41173
51017 -1 40773 40611 40776 40605
40776 -1 14 15
45326 -1 34934 44608
44608 -1 34782 44414
34782 -1 34655 34583
34655 -1 53 56
53 26
44414 -1 44043 43674 44048 43652
43674 -1 35284 43281 35289 43280
43281 -1 74 43061
51546 -1 34 50741
50741 -1 36 30667
30667 -1 23 26
23 11
51170 -1 51040 45347
51040 -1 41626 41174 51001 41173
51001 -1 40456 40304 40459 40298
40459 -1 4 5
45347 -1 34919 45242
34919 -1 34469 34397
34469 -1 43 46
43 21
45242 -1 34781 45241
45241 -1 44043 45235 44048 43652
45235 -1 35284 43300 35287 43280
35287 -1 64 65
27 13
52602 -1 47783 52233
52233 -1 51541 51169
51169 -1 45975 45336
45975 -1 41626 41174 45970 41173
45970 -1 40456 45969 40461 40298
45969 -1 8 40149
45336 -1 34925 45205
34925 -1 34468 34395
34395 -1 47 34326
47 23
45205 -1 34781 45204
45204 -1 44043 45154 45201 43652
45201 -1 68 34977
37 18
52818 -1 28 52591
52591 -1 47783 52231
52231 -1 51541 51165
51165 -1 42288 45323
42288 -1 41626 41207 41640 41173
41207 -1 40773 40610 40778 40605
40610 -1 18 28898
45323 -1 34934 44611
44611 -1 34784 44396
34784 -1 34654 34581
34581 -1 57 34512
57 28
44396 -1 44043 43659 44048 43652
43659 -1 35284 43291 35289 43280
43291 -1 74 43068 73 43058
43068 -1 76 35442 75 35441
35442 -1 78 35322
41 20
53044 -1 38 52814
52814 -1 28 52589
52589 -1 47783 52232
52232 -1 51541 51166
51166 -1 42278 45322
42278 -1 41626 41200 41640 41173
41200 -1 40773 40620 40778 40605
40620 -1 17 28894 18 28892
28892 -1 19 22
45322 -1 34934 44612
44612 -1 34786 44389
34786 -1 34654 34585
34585 -1 58 34513
34513 -1 60 61
61 30
44389 -1 44043 43653 44048 43652
43653 -1 35284 43287 35289 43280
43287 -1 74 43065 73 43058
43065 -1 76 35447 75 35441
35447 -1 78 35321 77 35319
35321 -1 79 82
39 19
53282 -1 42 53039
53039 -1 38 52813
52813 -1 28 52590
52590 -1 47783 52230
52230 -1 51541 51164
51164 -1 42298 45324
42298 -1 41626 41215 41640 41173
41215 -1 40773 40626 40778 40605
40626 -1 18 28895 17 28894
28895 -1 20 21
45324 -1 34934 44610
44610 -1 34785 44403
34785 -1 34654 34584
34584 -1 58 34510
34510 -1 59 62
59 29
44403 -1 44043 43665 44048 43652
43665 -1 35284 43296 35289 43280
43296 -1 74 43072 73 43058
43072 -1 76 35450 75 35441
35450 -1 78 35320 77 35319
35320 -1 80 81
