28582
28582 -1 40 82036 39 82020
40 -19
82036 -1 41 81978 42 81643
41 20
81978 -1 38 81977
38 -18
81977 -1 28 81976
28 -13
81976 -1 63621 81975
63621 -1 30 32
30 -14
32 -15
81975 -1 87196 86331
87196 -1 34 82140
34 -16
82140 -1 36 82073
36 -17
82073 -1 24 26
24 -11
26 -12
86331 -1 81968 85513
81968 -1 49724 81967 49747 49271
49724 -1 48554 48396
48554 -1 4 6
4 -1
6 -2
48396 -1 8 48245
8 -3
48245 -1 10 12
10 -4
12 -5
81967 -1 48871 81966 48876 48703
48871 -1 14 16
14 -6
16 -7
81966 -1 17 29043 18 29041
17 8
29043 -1 20 22
20 -9
22 -10
18 -8
29041 -1 19 22
19 9
48876 -1 13 16 14 15
13 6
15 7
48703 -1 18 29043
49747 -1 48554 48402 48559 48396
48402 -1 8 48247 7 48245
48247 -1 9 12 10 11
9 4
11 5
7 3
48559 -1 3 6 4 5
3 1
5 2
49271 -1 48871 48703
85513 -1 50 85009 49 85003
50 -24
85009 -1 52 84138 51 84118
52 -25
84138 -1 47 83572 48 83053
47 23
83572 -1 44 83571
44 -21
83571 -1 46 83570
46 -22
83570 -1 64280 83569
64280 -1 54 56
54 -26
56 -27
83569 -1 35037 83568
35037 -1 58 34893
58 -28
34893 -1 60 62
60 -29
62 -30
83568 -1 52611 67290 83562 52220
52611 -1 68 36505
68 -33
36505 -1 70 72
70 -34
72 -35
67290 -1 36814 64993 36819 51848
36814 -1 64 66
64 -31
66 -32
64993 -1 74 54236 73 51626
74 -36
54236 -1 76 54222 75 36971
76 -37
54222 -1 78 54213 77 36849
78 -38
54213 -1 79 82 80 81
79 39
82 -40
80 -39
81 40
77 38
36849 -1 80 82
75 37
36971 -1 78 36849
73 36
51626 -1 76 36971
36819 -1 63 66 64 65
63 31
65 32
51848 -1 74 51626
83562 -1 68 39485
39485 -1 69 72 70 71
69 34
71 35
52220 -1 36814 51848
48 -23
83053 -1 44 82524 43 82515
82524 -1 46 72402 45 67348
72402 -1 64280 72401 64283 65166 64281 65085
72401 -1 35041 55058 35035 55050
35041 -1 58 34891
34891 -1 59 62
59 29
55058 -1 52611 55057 52616 52220
55057 -1 36814 55056 36819 51848
55056 -1 74 55055 73 51626
55055 -1 76 55054 75 36971
55054 -1 78 36850 77 36849
36850 -1 80 81
52616 -1 68 39485 67 36505
67 33
35035 -1 57 34893
57 28
55050 -1 52611 55049 52616 52220
55049 -1 36814 55048 36819 51848
55048 -1 74 55047 73 51626
55047 -1 76 55046 75 36971
55046 -1 78 54213
64283 -1 54 55
55 27
65166 -1 35037 65165
65165 -1 52611 65019 52616 52220
65019 -1 36814 54370 36819 51848
54370 -1 74 54223 73 51626
54223 -1 76 54222
64281 -1 53 56
53 26
65085 -1 35037 65084
65084 -1 52611 65073 52616 52220
65073 -1 36814 54240 36819 51848
54240 -1 74 54236
45 22
67348 -1 64280 67347
67347 -1 35037 67346
67346 -1 52611 65112 52616 52220
65112 -1 36814 64993 36815 51848
36815 -1 63 66
43 21
82515 -1 46 74039
74039 -1 64280 74038
74038 -1 35037 74037
74037 -1 52611 64994 52616 52220
64994 -1 36814 64993 36817 51848
36817 -1 64 65
51 25
84118 -1 48 83621
83621 -1 44 83620
83620 -1 46 83619
83619 -1 64280 83618
83618 -1 35037 83617
83617 -1 52611 67290 83576 52220
83576 -1 67 36505 68 36503
36503 -1 69 72
49 24
85003 -1 52 84119
84119 -1 48 83559
83559 -1 44 83558
83558 -1 46 83557
83557 -1 64280 83556
83556 -1 35037 83555
83555 -1 52611 67290 83549 52220
83549 -1 68 36506 67 36505
36506 -1 70 71
42 -20
81643 -1 37 81592 38 81271
37 18
81592 -1 28 81591
81591 -1 63621 81590
81590 -1 87196 86329
86329 -1 81584 85497
81584 -1 49724 81583 49747 49271
81583 -1 48871 81582 48876 48703
81582 -1 18 29047
29047 -1 19 22 20 21
21 10
85497 -1 50 85007 49 85003
85007 -1 52 84132 51 84118
84132 -1 47 83572 48 83064
83064 -1 44 82533 43 82515
82533 -1 46 72441 45 67348
72441 -1 64280 72440 64283 65166 64281 65085
72440 -1 35041 55058 35040 55044
35040 -1 58 34896
34896 -1 60 61
61 30
55044 -1 52611 55043 52616 52220
55043 -1 36814 55042 36819 51848
55042 -1 74 55041 73 51626
55041 -1 76 55040 75 36971
55040 -1 78 36851 77 36849
36851 -1 79 82
81271 -1 27 81235 28 80941
27 13
81235 -1 63621 81234
81234 -1 87196 86328
86328 -1 81229 85488
81229 -1 49724 49272 80843 49271
49272 -1 48871 48709 48876 48703
48709 -1 18 29047 17 29043
80843 -1 48554 60131 48559 48396
60131 -1 8 48247
85488 -1 50 85021 49 85003
85021 -1 52 84120 51 84118
84120 -1 48 83048
83048 -1 44 82520 43 82515
82520 -1 46 70527 45 67348
70527 -1 64283 65166 64281 65085 64280 55034
55034 -1 35041 55058 35035 55050 35040 55044
80941 -1 63622 80951 63623 80947 63621 80318
63622 -1 29 32
29 14
80951 -1 87196 86327
86327 -1 80949 85449
80949 -1 49724 49272 80825 49271
80825 -1 48554 60150 48559 48396
60150 -1 8 48246 7 48245
48246 -1 10 11
85449 -1 50 85005
85005 -1 52 84162 51 84118
84162 -1 47 83572 48 83048
63623 -1 30 31
31 15
80947 -1 87196 86326
86326 -1 80945 85484
80945 -1 49724 49272 80813 49271
80813 -1 48554 60160 48559 48396
60160 -1 7 48245 8 48243
48243 -1 9 12
85484 -1 49 85003 50 85002
85002 -1 52 84162
80318 -1 87208 87115 87205 87112 87201 87109 87197 87061
87208 -1 34 82141
82141 -1 35 82073
35 17
87115 -1 87114 87090
87114 -1 49724 86940 49747 49271
86940 -1 48871 48709 48872 48703
48872 -1 13 16
87090 -1 50 87089 49 85003
87089 -1 52 87088 51 84118
87088 -1 48 87087 47 83572
87087 -1 44 86935 43 82515
86935 -1 46 86208 45 67348
86208 -1 64281 65085 64280 55034
87205 -1 34 82143
82143 -1 36 82075
82075 -1 24 25
25 12
87112 -1 87111 87104
87111 -1 49724 49272 85882 49271
85882 -1 48554 48402 48555 48396
48555 -1 3 6
87104 -1 50 87103 49 85003
87103 -1 52 87102 51 84118
87102 -1 48 87101 47 83572
87101 -1 44 86990 43 82515
86990 -1 46 70527
87201 -1 34 82144
82144 -1 36 82074
82074 -1 23 26
23 11
87109 -1 87108 87098
87108 -1 49724 49272 85887 49271
85887 -1 48554 48402 48557 48396
48557 -1 4 5
87098 -1 50 87097 49 85003
87097 -1 52 87096 51 84118
87096 -1 48 87095 47 83572
87095 -1 44 82520
87197 -1 33 82140
33 16
87061 -1 86921 87035
86921 -1 49724 86920 49747 49271
86920 -1 48871 48709 48874 48703
48874 -1 14 15
87035 -1 50 87034 49 85003
87034 -1 52 87033 51 84118
87033 -1 48 87032 47 83572
87032 -1 44 87016 43 82515
87016 -1 46 86232 45 67348
86232 -1 64283 65166 64280 55034
39 19
82020 -1 42 81964
81964 -1 38 81963
81963 -1 28 81962
81962 -1 63621 81961
81961 -1 87196 86330
86330 -1 81954 85505
81954 -1 49724 81953 49747 49271
81953 -1 48871 81952 48876 48703
81952 -1 18 29044 17 29043
29044 -1 20 21
85505 -1 50 85011 49 85003
85011 -1 52 84144 51 84118
84144 -1 47 83572 48 83058
83058 -1 44 82528 43 82515
82528 -1 46 72415 45 67348
72415 -1 64280 72414 64283 65166 64281 65085
72414 -1 35035 55050 35040 55044
