28576
28576 -1 24 44231 23 44224
24 -11
44231 -1 26 44023 25 44017
26 -12
44023 -1 35988 46573
35988 -1 4 6
4 -1
6 -2
46573 -1 44346 46344 44345 46343 44347 46340 44348 46339
44346 -1 7 44266
7 3
44266 -1 10 12
10 -4
12 -5
46344 -1 44389 46083
44389 -1 30 32
30 -14
32 -15
46083 -1 27 45098
27 13
45098 -1 44898 44691
44898 -1 34 36
34 -16
36 -17
44691 -1 42296 42737
42296 -1 38 42197
38 -18
42197 -1 40 42
40 -19
42 -20
42737 -1 36301 40389
36301 -1 36174 36102
36174 -1 14 16
14 -6
16 -7
36102 -1 18 36030
18 -8
36030 -1 20 22
20 -9
22 -10
40389 -1 32338 39943
32338 -1 31881 31808
31881 -1 44 46
44 -21
46 -22
31808 -1 47 31739
47 23
31739 -1 50 52
50 -24
52 -25
39943 -1 32456 39784
32456 -1 67 32387
67 33
32387 -1 70 72
70 -34
72 -35
39784 -1 32194 37320
32194 -1 32067 31996
32067 -1 54 56
54 -26
56 -27
31996 -1 58 31925
58 -28
31925 -1 60 62
60 -29
62 -30
37320 -1 32529 37205
32529 -1 64 66
64 -31
66 -32
37205 -1 74 37125
74 -36
37125 -1 76 32618
76 -37
32618 -1 78 32563
78 -38
32563 -1 80 82
80 -39
82 -40
44345 -1 8 44266
8 -3
46343 -1 44389 46084
46084 -1 28 45113
28 -13
45113 -1 44901 44709 44899 44708 44898 44707
44901 -1 34 35
35 17
44709 -1 42296 42746
42746 -1 36303 40393
36303 -1 36178 36102
36178 -1 14 15
15 7
40393 -1 32347 39949
32347 -1 31881 31810
31810 -1 48 31739
48 -23
39949 -1 32458 39780
32458 -1 68 32387
68 -33
39780 -1 32196 37324
32196 -1 32071 31996
32071 -1 54 55
55 27
37324 -1 32529 37207
37207 -1 74 37126
37126 -1 75 32618
75 37
44899 -1 33 36
33 16
44708 -1 42296 42748
42748 -1 36302 40392
36302 -1 36175 36102
36175 -1 13 16
13 6
40392 -1 32347 39950
39950 -1 32458 39779
39779 -1 32195 37326
32195 -1 32068 31996
32068 -1 53 56
53 26
37326 -1 32529 37206
37206 -1 73 37125
73 36
44707 -1 42297 42744 42298 42741 42299 42740
42297 -1 38 42198
42198 -1 39 42
39 19
42744 -1 36304 40394
36304 -1 36174 36104
36104 -1 18 36032
36032 -1 19 22
19 9
40394 -1 32347 39948
39948 -1 32458 39781
39781 -1 32198 37323
32198 -1 32067 31997
31997 -1 58 31923
31923 -1 59 62
59 29
37323 -1 32529 37209
37209 -1 74 37128
37128 -1 76 32620
32620 -1 78 32564
32564 -1 79 82
79 39
42298 -1 37 42197
37 18
42741 -1 36305 40395
36305 -1 36174 36103
36103 -1 17 36030
17 8
40395 -1 32347 39947
39947 -1 32458 39782
39782 -1 32197 37322
32197 -1 32067 31994
31994 -1 57 31925
57 28
37322 -1 32529 37208
37208 -1 74 37127
37127 -1 76 32619
32619 -1 77 32563
77 38
42299 -1 38 42199
42199 -1 40 41
41 20
42740 -1 36306 40396
36306 -1 36174 36101
36101 -1 18 36031
36031 -1 20 21
21 10
40396 -1 32347 39946
39946 -1 32458 39783
39783 -1 32199 37321
32199 -1 32067 31998
31998 -1 58 31926
31926 -1 60 61
61 30
37321 -1 32529 37210
37210 -1 74 37129
37129 -1 76 32621
32621 -1 78 32565
32565 -1 80 81
81 40
44347 -1 8 44267
44267 -1 10 11
11 5
46340 -1 44390 46082
44390 -1 30 31
31 15
46082 -1 28 45099
45099 -1 44898 44690
44690 -1 42296 42736
42736 -1 36301 40390
40390 -1 32341 39944
32341 -1 31881 31811
31811 -1 48 31740
31740 -1 50 51
51 25
39944 -1 32459 39784
32459 -1 68 32388
32388 -1 70 71
71 35
44348 -1 8 44268
44268 -1 9 12
9 4
46339 -1 44391 46081
44391 -1 29 32
29 14
46081 -1 28 45100
45100 -1 44898 44689
44689 -1 42296 42735
42735 -1 36301 40391
40391 -1 32344 39945
32344 -1 31881 31812
31812 -1 48 31737
31737 -1 49 52
49 24
39945 -1 32460 39784
32460 -1 68 32385
32385 -1 69 72
69 34
25 12
44017 -1 35992 46557
35992 -1 4 5
5 2
46557 -1 44345 46338
46338 -1 44389 46080
46080 -1 28 45097
45097 -1 44898 44692
44692 -1 42296 42738
42738 -1 36301 40388
40388 -1 32335 39942
32335 -1 31885 31810
31885 -1 44 45
45 22
39942 -1 32458 39785
39785 -1 32194 37325
37325 -1 32533 37205
32533 -1 64 65
65 32
23 11
44224 -1 26 44001
44001 -1 35989 46556
35989 -1 3 6
3 1
46556 -1 44345 46337
46337 -1 44389 46079
46079 -1 28 45096
45096 -1 44898 44688
44688 -1 42296 42739
42739 -1 36301 40387
40387 -1 32332 39941
32332 -1 31882 31810
31882 -1 43 46
43 21
39941 -1 32458 39786
39786 -1 32194 37327
37327 -1 32530 37205
32530 -1 63 66
63 31
