27456
27456 -1 24 44839 23 44832
24 -11
44839 -1 26 44624 25 44618
26 -12
44624 -1 36329 47251
36329 -1 4 6
4 -1
6 -2
47251 -1 44954 47015 44953 47014 44955 47011 44956 47010
44954 -1 7 44874
7 3
44874 -1 10 12
10 -4
12 -5
47015 -1 44997 46747
44997 -1 30 32
30 -14
32 -15
46747 -1 27 45727
27 13
45727 -1 45520 45306
45520 -1 34 36
34 -16
36 -17
45306 -1 42898 43310
42898 -1 38 42799
38 -18
42799 -1 40 42
40 -19
42 -20
43310 -1 36642 39526
36642 -1 36515 36443
36515 -1 14 16
14 -6
16 -7
36443 -1 18 36371
18 -8
36371 -1 20 22
20 -9
22 -10
39526 -1 31218 39076
31218 -1 30761 30688
30761 -1 44 46
44 -21
46 -22
30688 -1 47 30619
47 23
30619 -1 50 52
50 -24
52 -25
39076 -1 31074 38884
31074 -1 30947 30876
30947 -1 54 56
54 -26
56 -27
30876 -1 58 30805
58 -28
30805 -1 60 62
60 -29
62 -30
38884 -1 38504 38138 38507 38113
38504 -1 68 31268
68 -33
31268 -1 70 72
70 -34
72 -35
38138 -1 31577 37761 31582 37741
31577 -1 64 66
64 -31
66 -32
37761 -1 74 37522 73 37519
74 -36
37522 -1 76 31737 75 31734
76 -37
31737 -1 78 31615 77 31612
78 -38
31615 -1 79 82 80 81
79 39
82 -40
80 -39
81 40
77 38
31612 -1 80 82
75 37
31734 -1 78 31612
73 36
37519 -1 76 31734
31582 -1 63 66 64 65
63 31
65 32
37741 -1 74 37519
38507 -1 68 31270
31270 -1 69 72 70 71
69 34
71 35
38113 -1 31577 37741
44953 -1 8 44874
8 -3
47014 -1 44997 46748
46748 -1 28 45742
28 -13
45742 -1 45523 45324 45521 45323 45520 45322
45523 -1 34 35
35 17
45324 -1 42898 43319
43319 -1 36644 39532
36644 -1 36519 36443
36519 -1 14 15
15 7
39532 -1 31227 39070
31227 -1 30761 30690
30690 -1 48 30619
48 -23
39070 -1 31076 38870
31076 -1 30951 30876
30951 -1 54 55
55 27
38870 -1 38504 38131 38509 38113
38131 -1 31577 37760 31582 37741
37760 -1 74 37520 73 37519
37520 -1 76 31737
38509 -1 68 31270 67 31268
67 33
45521 -1 33 36
33 16
45323 -1 42898 43321
43321 -1 36643 39533
36643 -1 36516 36443
36516 -1 13 16
13 6
39533 -1 31227 39069
39069 -1 31075 38875
31075 -1 30948 30876
30948 -1 53 56
53 26
38875 -1 38504 38135 38509 38113
38135 -1 31577 37742 31582 37741
37742 -1 74 37522
45322 -1 42899 43317 42900 43314 42901 43313
42899 -1 38 42800
42800 -1 39 42
39 19
43317 -1 36645 39531
36645 -1 36515 36445
36445 -1 18 36373
36373 -1 19 22
19 9
39531 -1 31227 39071
39071 -1 31078 38864
31078 -1 30947 30877
30877 -1 58 30803
30803 -1 59 62
59 29
38864 -1 38504 38126 38509 38113
38126 -1 31577 37757 31582 37741
37757 -1 74 37533 73 37519
37533 -1 76 31743 75 31734
31743 -1 78 31613 77 31612
31613 -1 80 81
42900 -1 37 42799
37 18
43314 -1 36646 39530
36646 -1 36515 36444
36444 -1 17 36371
17 8
39530 -1 31227 39072
39072 -1 31077 38857
31077 -1 30947 30874
30874 -1 57 30805
57 28
38857 -1 38504 38120 38509 38113
38120 -1 31577 37752 31582 37741
37752 -1 74 37529 73 37519
37529 -1 76 31735 75 31734
31735 -1 78 31615
42901 -1 38 42801
42801 -1 40 41
41 20
43313 -1 36647 39529
36647 -1 36515 36442
36442 -1 18 36372
36372 -1 20 21
21 10
39529 -1 31227 39073
39073 -1 31079 38850
31079 -1 30947 30878
30878 -1 58 30806
30806 -1 60 61
61 30
38850 -1 38504 38114 38509 38113
38114 -1 31577 37748 31582 37741
37748 -1 74 37526 73 37519
37526 -1 76 31740 75 31734
31740 -1 78 31614 77 31612
31614 -1 79 82
44955 -1 8 44875
44875 -1 10 11
11 5
47011 -1 44998 46746
44998 -1 30 31
31 15
46746 -1 28 45728
45728 -1 45520 45305
45305 -1 42898 43309
43309 -1 36642 39527
39527 -1 31221 39075
31221 -1 30761 30691
30691 -1 48 30620
30620 -1 50 51
51 25
39075 -1 31074 38882
38882 -1 38504 38138 38520 38113
38520 -1 67 31268 68 31266
31266 -1 69 72
44956 -1 8 44876
44876 -1 9 12
9 4
47010 -1 44999 46745
44999 -1 29 32
29 14
46745 -1 28 45729
45729 -1 45520 45304
45304 -1 42898 43308
43308 -1 36642 39528
39528 -1 31224 39074
31224 -1 30761 30692
30692 -1 48 30617
30617 -1 49 52
49 24
39074 -1 31074 38880
38880 -1 38504 38138 38515 38113
38515 -1 68 31269 67 31268
31269 -1 70 71
25 12
44618 -1 36333 47235
36333 -1 4 5
5 2
47235 -1 44953 47009
47009 -1 44997 46744
46744 -1 28 45726
45726 -1 45520 45307
45307 -1 42898 43311
43311 -1 36642 39525
39525 -1 31215 39077
31215 -1 30765 30690
30765 -1 44 45
45 22
39077 -1 31074 38887
38887 -1 38504 38140 38509 38113
38140 -1 31577 37761 31578 37741
31578 -1 63 66
23 11
44832 -1 26 44602
44602 -1 36330 47234
36330 -1 3 6
3 1
47234 -1 44953 47008
47008 -1 44997 46743
46743 -1 28 45725
45725 -1 45520 45303
45303 -1 42898 43312
43312 -1 36642 39524
39524 -1 31212 39078
31212 -1 30762 30690
30762 -1 43 46
43 21
39078 -1 31074 38890
38890 -1 38504 38142 38509 38113
38142 -1 31577 37761 31580 37741
31580 -1 64 65
