579
579 -1 12 3090 11 3087
12 -5
3090 -1 4 3772
4 -1
3772 -1 5 3700 6 3699
5 2
3700 -1 13 3626
13 6
3626 -1 16 3554
16 -7
3554 -1 18 3177
18 -8
3177 -1 1900 2425
1900 -1 8 10
8 -3
10 -4
2425 -1 1273 2328
1273 -1 20 21
20 -9
21 10
2328 -1 1215 2265
1215 -1 24 26
24 -11
26 -12
2265 -1 32 2211
32 -15
2211 -1 34 2167
34 -16
2167 -1 28 29
28 -13
29 14
6 -2
3699 -1 14 3631
14 -6
3631 -1 16 3556 15 3555
3556 -1 17 3180
17 8
3180 -1 1899 2428
1899 -1 8 9
9 4
2428 -1 1277 2325
1277 -1 20 22
22 -10
2325 -1 1217 2266
1217 -1 24 25
25 12
2266 -1 32 2212
2212 -1 33 2169
33 16
2169 -1 28 30
30 -14
15 7
3555 -1 18 3179
3179 -1 1901 2427
1901 -1 7 10
7 3
2427 -1 1277 2326
2326 -1 1216 2263
1216 -1 23 26
23 11
2263 -1 31 2209
31 15
2209 -1 34 2169
11 5
3087 -1 3 3767
3 1
3767 -1 6 3698
3698 -1 14 3625
3625 -1 16 3553
3553 -1 18 3178
3178 -1 1900 2426
2426 -1 1276 2327
1276 -1 19 22
19 9
2327 -1 1215 2264
2264 -1 32 2210
2210 -1 34 2168
2168 -1 27 30
27 13
