588
588 -1 31 5082 32 5081
31 15
5082 -1 23 4920
23 11
4920 -1 2701 4766
2701 -1 26 2632
26 -12
2632 -1 20 22
20 -9
22 -10
4766 -1 1487 4602
1487 -1 28 30
28 -13
30 -14
4602 -1 34 4524
34 -16
4524 -1 12 4416 11 4408
12 -5
4416 -1 13 4281 14 4280
13 6
4281 -1 16 4199
16 -7
4199 -1 18 4142
18 -8
4142 -1 8 4093
8 -3
4093 -1 10 4051
10 -4
4051 -1 4 5
4 -1
5 2
14 -6
4280 -1 16 4201
4201 -1 17 4140
17 8
4140 -1 8 4091
4091 -1 9 4049
9 4
4049 -1 4 6
6 -2
11 5
4408 -1 14 4279
4279 -1 16 4200
4200 -1 18 4141
4141 -1 8 4092
4092 -1 10 4050
4050 -1 3 6
3 1
32 -15
5081 -1 24 4930
24 -11
4930 -1 2700 4770 2699 4768 2698 4767
2700 -1 26 2633
2633 -1 20 21
21 10
4770 -1 1483 4745
1483 -1 28 29
29 14
4745 -1 34 4744
4744 -1 11 4408 12 4407
4407 -1 14 4283
4283 -1 15 4202 16 4201
15 7
4202 -1 18 4143
4143 -1 7 4094
7 3
4094 -1 10 4049
2699 -1 26 2634
2634 -1 19 22
19 9
4768 -1 1486 4740
1486 -1 27 30
27 13
4740 -1 34 4739
4739 -1 12 4738
4738 -1 14 4283 13 4281
2698 -1 25 2632
25 12
4767 -1 1487 4603
4603 -1 33 4520
33 16
4520 -1 12 4413 11 4408
4413 -1 14 4282 13 4281
4282 -1 15 4202
