30582
30582 -1 54 72327 53 72314
54 -26
72327 -1 56 72012 55 72011
56 -27
72012 -1 47109 71569 47106 71566 47108 71565 47107 71564 47110 71560 47111 71559
47109 -1 36840 46964
36840 -1 44 46
44 -21
46 -22
46964 -1 47 46866
47 23
46866 -1 50 52
50 -24
52 -25
71569 -1 38573 71456
38573 -1 67 38504
67 33
38504 -1 70 72
70 -34
72 -35
71456 -1 38646 73209
38646 -1 64 66
64 -31
66 -32
73209 -1 58077 72951
58077 -1 74 57989
74 -36
57989 -1 76 78
76 -37
78 -38
72951 -1 72640 71453
72640 -1 58 72393
58 -28
72393 -1 66923 66777
66923 -1 80 82
80 -39
82 -40
66777 -1 60 62
60 -29
62 -30
71453 -1 40 71452 39 69322
40 -19
71452 -1 42 71451 41 68499
42 -20
71451 -1 38 71450 37 67824
38 -18
71450 -1 34 71449 33 67302
34 -16
71449 -1 36 71448 35 60884
36 -17
71448 -1 60999 61000 60961 60989 60976 60988 60977 60978
60999 -1 32818 48100
32818 -1 24 25
24 -11
25 12
48100 -1 28 47956
28 -13
47956 -1 30 32
30 -14
32 -15
61000 -1 59323 60632 59336 58932
59323 -1 8 48441
8 -3
48441 -1 10 12
10 -4
12 -5
60632 -1 48750 60574 48751 58560
48750 -1 4 6
4 -1
6 -2
60574 -1 14 58341 13 58338
14 -6
58341 -1 16 48910 15 48907
16 -7
48910 -1 18 48788 17 48785
18 -8
48788 -1 19 22 20 21
19 9
22 -10
20 -9
21 10
17 8
48785 -1 20 22
15 7
48907 -1 18 48785
13 6
58338 -1 16 48907
48751 -1 3 6
3 1
58560 -1 14 58338
59336 -1 8 48443 7 48441
48443 -1 9 12 10 11
9 4
11 5
7 3
58932 -1 48750 58560
60961 -1 32816 48100
32816 -1 23 26
23 11
26 -12
60989 -1 59323 60575 59336 58932
60575 -1 48750 60574 48753 58560
48753 -1 4 5
5 2
60976 -1 32815 48104
32815 -1 24 26
48104 -1 28 47959
47959 -1 30 31
31 15
60988 -1 59323 60966 60987 58932
60966 -1 48750 60574 48755 58560
48755 -1 3 6 4 5
60987 -1 7 48441 8 48439
48439 -1 9 12
60977 -1 32815 48103
48103 -1 28 47957
47957 -1 29 32
29 14
60978 -1 59323 60966 60974 58932
60974 -1 8 48442 7 48441
48442 -1 10 11
35 17
60884 -1 48354 60737
48354 -1 32815 48100
60737 -1 59323 60736 59336 58932
60736 -1 48750 58566 48755 58560
58566 -1 14 58339 13 58338
58339 -1 16 48910
33 16
67302 -1 36 60885
60885 -1 48354 60600
60600 -1 59323 60599 59336 58932
60599 -1 48750 58561 48755 58560
58561 -1 14 58341
37 18
67824 -1 34 67304
67304 -1 36 62503
62503 -1 48354 62502
62502 -1 59323 62501 59336 58932
62501 -1 48750 62500 48755 58560
62500 -1 14 62499 13 58338
62499 -1 16 62498 15 48907
62498 -1 18 48788
41 20
68499 -1 38 67822
67822 -1 34 67303
67303 -1 36 62483
62483 -1 48354 62482
62482 -1 59323 62481 59336 58932
62481 -1 48750 62480 48755 58560
62480 -1 14 62479 13 58338
62479 -1 16 62478 15 48907
62478 -1 18 48787 17 48785
48787 -1 19 22
39 19
69322 -1 42 68497
68497 -1 38 67821
67821 -1 34 67305
67305 -1 36 62551
62551 -1 48354 62550
62550 -1 59323 62549 59336 58932
62549 -1 48750 62548 48755 58560
62548 -1 14 62547 13 58338
62547 -1 16 62546 15 48907
62546 -1 18 48786 17 48785
48786 -1 20 21
47106 -1 36840 46963
46963 -1 48 46866
48 -23
71566 -1 38575 70863
38575 -1 68 38504
68 -33
70863 -1 38646 73216
73216 -1 58078 72963 58077 72962
58078 -1 74 57991
57991 -1 76 77
77 38
72963 -1 72641 72929
72641 -1 57 72393
57 28
72929 -1 40 72928 39 69322
72928 -1 41 68499 42 68498
68498 -1 38 67828
67828 -1 34 67311 33 67302
67311 -1 36 60951 35 60884
60951 -1 60999 61000 60961 60989 60976 60988 60965 60985 60977 60978
60965 -1 32815 48101
48101 -1 27 47956
27 13
60985 -1 59323 60966 60984 58932
60984 -1 8 48443
72962 -1 72645 72978 72648 72975
72645 -1 58 72395
72395 -1 66926 66778
66926 -1 80 81
81 40
66778 -1 60 61
61 30
72978 -1 40 72920 39 69322
72920 -1 42 72919
72919 -1 38 67828 37 67824
72648 -1 58 72394
72394 -1 66924 66779
66924 -1 79 82
79 39
66779 -1 59 62
59 29
72975 -1 40 72974
72974 -1 42 72919 41 68499
47108 -1 36843 46963
36843 -1 44 45
45 22
71565 -1 38575 70864
70864 -1 38650 73205
38650 -1 64 65
65 32
73205 -1 58077 72948
72948 -1 72640 69793
69793 -1 40 69336 39 69322
69336 -1 42 68512 41 68499
68512 -1 38 67835 37 67824
67835 -1 34 67314 33 67302
67314 -1 35 60884 36 60883
60883 -1 60961 60989 60976 60988 60965 60985 60977 60978
47107 -1 36841 46963
36841 -1 43 46
43 21
71564 -1 38575 70865
70865 -1 38647 73206
38647 -1 63 66
63 31
73206 -1 58077 72947
72947 -1 72640 69803
69803 -1 40 69345 39 69322
69345 -1 42 68520 41 68499
68520 -1 38 67842 37 67824
67842 -1 34 67320 33 67302
67320 -1 36 60901 35 60884
60901 -1 60999 61000 60976 60988 60965 60985 60977 60978
47110 -1 36840 46965
46965 -1 48 46867
46867 -1 50 51
51 25
71560 -1 38576 71408
38576 -1 68 38505
38505 -1 70 71
71 35
71408 -1 38646 73208
73208 -1 58077 72950
72950 -1 72640 71405
71405 -1 40 71404 39 69322
71404 -1 42 71403 41 68499
71403 -1 38 71402 37 67824
71402 -1 34 71401 33 67302
71401 -1 36 71400 35 60884
71400 -1 60999 61000 60961 60989 60965 60985 60977 60978
47111 -1 36840 46966
46966 -1 48 46868
46868 -1 49 52
49 24
71559 -1 38577 71366
38577 -1 68 38502
38502 -1 69 72
69 34
71366 -1 38646 73207
73207 -1 58077 72949
72949 -1 72640 71363
71363 -1 40 71362 39 69322
71362 -1 42 71361 41 68499
71361 -1 38 71360 37 67824
71360 -1 34 71359 33 67302
71359 -1 36 71358 35 60884
71358 -1 60999 61000 60961 60989 60976 60988 60965 60985
55 27
72011 -1 47106 71558
71558 -1 38575 70859
70859 -1 38646 73203
73203 -1 58079 72946
58079 -1 74 57990
57990 -1 75 78
75 37
72946 -1 72640 69818
69818 -1 40 69357 39 69322
69357 -1 42 68527 41 68499
68527 -1 38 67845 37 67824
67845 -1 33 67302 34 67301
67301 -1 36 60951
53 26
72314 -1 56 71977
71977 -1 47106 71557
71557 -1 38575 70860
70860 -1 38646 73204
73204 -1 58080 72945
58080 -1 73 57989
73 36
72945 -1 72640 69812
69812 -1 40 69352 39 69322
69352 -1 42 68523 41 68499
68523 -1 37 67824 38 67823
67823 -1 34 67311
