552
552 -1 16 3797 15 3794
16 -7
3797 -1 18 4273 17 4270
18 -8
4273 -1 12 4174 11 4173
12 -5
4174 -1 13 3905
13 6
3905 -1 3866 3223
3866 -1 2443 657 2444 651
2443 -1 4 6
4 -1
6 -2
657 -1 7 10 8 9
7 3
10 -4
8 -3
9 4
2444 -1 3 6
3 1
651 -1 8 10
3223 -1 1554 3199
1554 -1 20 21
20 -9
21 10
3199 -1 1496 3198
1496 -1 24 26
24 -11
26 -12
3198 -1 32 3197 31 2888
32 -15
3197 -1 34 2821 33 2819
34 -16
2821 -1 27 30
27 13
30 -14
33 16
2819 -1 28 30
28 -13
31 15
2888 -1 34 2819
11 5
4173 -1 14 3904
14 -6
3904 -1 3869 3221
3869 -1 2443 657 2445 651
2445 -1 4 5
5 2
3221 -1 1557 3192
1557 -1 19 22
19 9
22 -10
3192 -1 1496 3191
3191 -1 32 3190 31 2888
3190 -1 34 2820 33 2819
2820 -1 28 29
29 14
17 8
4270 -1 12 4172
4172 -1 14 3903
3903 -1 2612 3220
2612 -1 2443 652 2447 651
652 -1 7 10
2447 -1 3 6 4 5
3220 -1 1558 3051
1558 -1 20 22
3051 -1 1498 2982
1498 -1 24 25
25 12
2982 -1 31 2888 32 2887
2887 -1 34 2822
2822 -1 27 30 28 29
15 7
3794 -1 18 4267
4267 -1 12 4171
4171 -1 14 3902
3902 -1 2621 3219
2621 -1 2447 651 2443 650
650 -1 8 9
3219 -1 1558 3052
3052 -1 1497 2977
1497 -1 23 26
23 11
2977 -1 32 2890
2890 -1 34 2822 33 2819
