556
556 -1 12 5760 11 5757
12 -5
5760 -1 4 6877
4 -1
6877 -1 5 6793 6 6792
5 2
6793 -1 13 6707
13 6
6707 -1 16 6623
16 -7
6623 -1 18 6186
18 -8
6186 -1 2924 6059
2924 -1 8 10
8 -3
10 -4
6059 -1 19 5934 20 5933
19 9
5934 -1 22 4984
22 -10
4984 -1 26 4936
26 -12
4936 -1 24 4935
24 -11
4935 -1 32 4934 31 3307
32 -15
4934 -1 34 3239 33 3238
34 -16
3239 -1 28 29
28 -13
29 14
33 16
3238 -1 28 30
30 -14
31 15
3307 -1 34 3238
20 -9
5933 -1 22 4987
4987 -1 25 4894 26 3665
25 12
4894 -1 24 4893
4893 -1 32 4887 31 3307
4887 -1 34 3576
3576 -1 27 30 28 29
27 13
3665 -1 23 3578
23 11
3578 -1 32 3577
3577 -1 34 3576 33 3238
6 -2
6792 -1 14 6712
14 -6
6712 -1 16 6625 15 6624
6625 -1 17 6189
17 8
6189 -1 2923 6177
2923 -1 8 9
9 4
6177 -1 20 6176 19 5934
6176 -1 22 4985 21 4983
4985 -1 26 3665
21 10
4983 -1 26 4959
4959 -1 24 4958
4958 -1 32 4957 31 3307
4957 -1 34 3240 33 3238
3240 -1 27 30
15 7
6624 -1 18 6188
6188 -1 2925 6172
2925 -1 7 10
7 3
6172 -1 20 6171 19 5934
6171 -1 22 4986 21 4983
4986 -1 25 4894
11 5
5757 -1 3 6872
3 1
6872 -1 6 6791
6791 -1 14 6706
6706 -1 16 6622
6622 -1 18 6187
6187 -1 2924 6053
6053 -1 20 5937
5937 -1 22 4987 21 4983
