29553
29553 -1 40 55780 39 55774
40 -19
55780 -1 42 55587 41 55575
42 -20
55587 -1 38 55384 37 55380
38 -18
55384 -1 44 55168 43 55160
44 -21
55168 -1 46 58274 45 58273
46 -22
58274 -1 51898 58078
51898 -1 36236 46578
36236 -1 64 66
64 -31
66 -32
46578 -1 80 82
80 -39
82 -40
58078 -1 46326 57798 46325 57796 46327 57793 46328 57792
46326 -1 47 46228
47 23
46228 -1 50 52
50 -24
52 -25
57798 -1 36163 57486
36163 -1 67 36094
67 33
36094 -1 70 72
70 -34
72 -35
57486 -1 35703 57301
35703 -1 58 35632
58 -28
35632 -1 60 62
60 -29
62 -30
57301 -1 55879 53764
55879 -1 51620 51409
51620 -1 74 51339
74 -36
51339 -1 76 78
76 -37
78 -38
51409 -1 54 56
54 -26
56 -27
53764 -1 48765 53500
48765 -1 47573 47515
47573 -1 24 26
24 -11
26 -12
47515 -1 34 36
34 -16
36 -17
53500 -1 49063 53317
49063 -1 27 47457
27 13
47457 -1 30 32
30 -14
32 -15
53317 -1 52999 52664 53004 52653
52999 -1 18 51949
18 -8
51949 -1 20 22
20 -9
22 -10
52664 -1 40382 52326 40387 52314
40382 -1 14 16
14 -6
16 -7
52326 -1 40065 52107 40070 52106
40065 -1 4 6
4 -1
6 -2
52107 -1 8 51987
8 -3
51987 -1 9 12 10 11
9 4
12 -5
10 -4
11 5
40070 -1 3 6 4 5
3 1
5 2
52106 -1 8 51984
51984 -1 10 12
40387 -1 13 16 14 15
13 6
15 7
52314 -1 40065 52106
53004 -1 18 51953 17 51949
51953 -1 19 22 20 21
19 9
21 10
17 8
52653 -1 40382 52314
46325 -1 48 46228
48 -23
57796 -1 36165 57485
36165 -1 68 36094
68 -33
57485 -1 35703 57306
57306 -1 55877 53768 55878 53767
55877 -1 51621 51411
51621 -1 73 51339
73 36
51411 -1 53 56
53 26
53768 -1 48756 53743
48756 -1 47573 47516
47516 -1 33 36
33 16
53743 -1 49062 53742
49062 -1 28 47457
28 -13
53742 -1 52999 53741 53004 52653
53741 -1 40382 52323 40385 52314
52323 -1 40065 52109 40070 52106
52109 -1 8 51987 7 51984
7 3
40385 -1 14 15
55878 -1 51626 51410
51626 -1 74 51340
51340 -1 75 78
75 37
51410 -1 54 55
55 27
53767 -1 48762 53736
48762 -1 47573 47517
47517 -1 34 35
35 17
53736 -1 49062 53735
53735 -1 52999 53734 53004 52653
53734 -1 40382 52323 40383 52314
40383 -1 13 16
46327 -1 48 46229
46229 -1 50 51
51 25
57793 -1 36166 57484
36166 -1 68 36095
36095 -1 70 71
71 35
57484 -1 35703 57298
57298 -1 55879 53765
53765 -1 48765 53501
53501 -1 49066 53323
49066 -1 28 47458
47458 -1 30 31
31 15
53323 -1 52999 52669 53004 52653
52669 -1 40382 52330 40387 52314
52330 -1 40065 52112 40070 52106
52112 -1 8 51986 7 51984
51986 -1 9 12
46328 -1 48 46230
46230 -1 49 52
49 24
57792 -1 36167 57483
36167 -1 68 36092
36092 -1 69 72
69 34
57483 -1 35703 57297
57297 -1 55879 53766
53766 -1 48765 53502
53502 -1 49069 53329
49069 -1 28 47459
47459 -1 29 32
29 14
53329 -1 52999 52674 53004 52653
52674 -1 40382 52334 40387 52314
52334 -1 40065 52115 40070 52106
52115 -1 8 51985 7 51984
51985 -1 10 11
45 22
58273 -1 51907 58057
51907 -1 36240 46578
36240 -1 64 65
65 32
58057 -1 46325 57791
57791 -1 36165 57482
57482 -1 35703 57299
57299 -1 55879 53763
53763 -1 48759 53499
48759 -1 47577 47515
47577 -1 24 25
25 12
53499 -1 49062 53308
53308 -1 52999 52657 53004 52653
52657 -1 40382 52321 40387 52314
52321 -1 40065 52109 40066 52106
40066 -1 3 6
43 21
55160 -1 46 58272
58272 -1 51910 58056
51910 -1 36237 46578
36237 -1 63 66
63 31
58056 -1 46325 57790
57790 -1 36165 57481
57481 -1 35703 57300
57300 -1 55879 53762
53762 -1 48753 53498
48753 -1 47574 47515
47574 -1 23 26
23 11
53498 -1 49062 53312
53312 -1 52999 52654 53004 52653
52654 -1 40382 52319 40387 52314
52319 -1 40065 52109 40068 52106
40068 -1 4 5
37 18
55380 -1 44 55159
55159 -1 46 58271
58271 -1 51898 58055
58055 -1 46325 57788
57788 -1 36165 57479
57479 -1 35701 57295
35701 -1 57 35632
57 28
57295 -1 55880 53760
55880 -1 51623 51409
51623 -1 74 51343
51343 -1 76 77
77 38
53760 -1 48765 53496
53496 -1 49062 53301
53301 -1 52999 52660 53002 52653
52660 -1 40382 52323 40387 52314
53002 -1 18 51953
41 20
55575 -1 38 55377
55377 -1 44 55157
55157 -1 46 58269
58269 -1 51904 58053
51904 -1 36236 46580
46580 -1 80 81
81 40
58053 -1 46325 57789
57789 -1 36165 57480
57480 -1 35705 57296
35705 -1 58 35633
35633 -1 60 61
61 30
57296 -1 55879 53759
53759 -1 48765 53495
53495 -1 49062 53299
53299 -1 52999 52660 53010 52653
53010 -1 18 51951 17 51949
51951 -1 19 22
39 19
55774 -1 42 55568
55568 -1 38 55376
55376 -1 44 55158
55158 -1 46 58270
58270 -1 51901 58054
51901 -1 36236 46579
46579 -1 79 82
79 39
58054 -1 46325 57787
57787 -1 36165 57478
57478 -1 35704 57294
35704 -1 58 35630
35630 -1 59 62
59 29
57294 -1 55879 53761
53761 -1 48765 53497
53497 -1 49062 53303
53303 -1 52999 52660 53017 52653
53017 -1 18 51950 17 51949
51950 -1 20 21
