574
574 -1 24 4648 23 4643
24 -11
4648 -1 26 4531 25 4526
26 -12
4531 -1 3649 4173 3648 4171
3649 -1 3576 2286
3576 -1 32 34
32 -15
34 -16
2286 -1 28 29
28 -13
29 14
4173 -1 1576 4038
1576 -1 20 21
20 -9
21 10
4038 -1 2599 3967
2599 -1 12 13
12 -5
13 6
3967 -1 16 3904
16 -7
3904 -1 18 3845
18 -8
3845 -1 8 3760 7 3755
8 -3
3760 -1 10 3688 9 3686
10 -4
3688 -1 3 6
3 1
6 -2
9 4
3686 -1 4 6
4 -1
7 3
3755 -1 10 3686
3648 -1 3576 2287
2287 -1 27 30
27 13
30 -14
4171 -1 1579 4037
1579 -1 19 22
19 9
22 -10
4037 -1 2597 3968
2597 -1 11 14
11 5
14 -6
3968 -1 16 3903
3903 -1 18 3849
3849 -1 8 3763 7 3755
3763 -1 10 3687 9 3686
3687 -1 4 5
5 2
25 12
4526 -1 3650 4170
3650 -1 3579 2288
3579 -1 32 33
33 16
2288 -1 28 30
4170 -1 1580 4036
1580 -1 20 22
4036 -1 2596 3969
2596 -1 12 14
3969 -1 16 3902
3902 -1 17 3841
17 8
3841 -1 7 3755 8 3754
3754 -1 10 3689
3689 -1 3 6 4 5
23 11
4643 -1 26 4525
4525 -1 3647 4169
3647 -1 3575 2288
3575 -1 31 34
31 15
4169 -1 1580 4035
4035 -1 2596 3970
3970 -1 15 3901
15 7
3901 -1 18 3836
3836 -1 8 3757
3757 -1 10 3689 9 3686
