29774
29774 -1 24 62403 23 62392
24 -11
62403 -1 26 62151 25 62132
26 -12
62151 -1 43124 70290
43124 -1 4 6
4 -1
6 -2
70290 -1 62519 70019 62520 70018 62518 70015 62517 70014
62519 -1 8 62438
8 -3
62438 -1 10 12
10 -4
12 -5
70019 -1 62561 69661
62561 -1 30 32
30 -14
32 -15
69661 -1 28 69452
28 -13
69452 -1 69104 69475 69107 69466 69100 68773
69104 -1 65556 43311
65556 -1 33 36
33 16
36 -17
43311 -1 13 16
13 6
16 -7
69475 -1 67010 69474
67010 -1 18 66929
18 -8
66929 -1 20 22
20 -9
22 -10
69474 -1 68006 69473
68006 -1 38 67056
38 -18
67056 -1 40 42
40 -19
42 -20
69473 -1 50 69472 49 67448
50 -24
69472 -1 52 69471 51 63523
52 -25
69471 -1 48 69470 47 63097
48 -23
69470 -1 35038 69469
35038 -1 68 34967
68 -33
34967 -1 70 72
70 -34
72 -35
69469 -1 58185 69468 58186 57416 58188 57415
58185 -1 44 46
44 -21
46 -22
69468 -1 51946 51393 51949 51371
51946 -1 54 56
54 -26
56 -27
51393 -1 33498 44942 33504 44941 33503 44940
33498 -1 57 33356
57 28
33356 -1 60 62
60 -29
62 -30
44942 -1 35109 44827
35109 -1 64 66
64 -31
66 -32
44827 -1 74 44746
74 -36
44746 -1 76 35199
76 -37
35199 -1 77 35143
77 38
35143 -1 80 82
80 -39
82 -40
33504 -1 58 33354
58 -28
33354 -1 59 62
59 29
44941 -1 35109 44828
44828 -1 74 44747
44747 -1 76 35200
35200 -1 78 35144
78 -38
35144 -1 79 82
79 39
33503 -1 58 33359
33359 -1 60 61
61 30
44940 -1 35109 44829
44829 -1 74 44748
44748 -1 76 35201
35201 -1 78 35145
35145 -1 80 81
81 40
51949 -1 54 55
55 27
51371 -1 33500 44943
33500 -1 58 33356
44943 -1 35109 44826
44826 -1 74 44745
44745 -1 75 35198
75 37
35198 -1 78 35143
58186 -1 43 46
43 21
57416 -1 51946 51374
51374 -1 33500 44946
44946 -1 35110 44824
35110 -1 63 66
63 31
44824 -1 74 44744
44744 -1 76 35198
58188 -1 44 45
45 22
57415 -1 51946 51373
51373 -1 33500 44945
44945 -1 35113 44824
35113 -1 64 65
65 32
47 23
63097 -1 35036 62837
35036 -1 67 34967
67 33
62837 -1 58185 57414
57414 -1 51946 51370
51370 -1 33500 44939
44939 -1 35109 44824
51 25
63523 -1 48 63094
63094 -1 35039 62837
35039 -1 68 34968
34968 -1 70 71
71 35
49 24
67448 -1 52 63522
63522 -1 48 63095
63095 -1 35040 62837
35040 -1 68 34965
34965 -1 69 72
69 34
69107 -1 65558 43314
65558 -1 34 35
34 -16
35 17
43314 -1 14 15
14 -6
15 7
69466 -1 67010 69465
69465 -1 68006 69464
69464 -1 50 69463 49 67448
69463 -1 52 69462 51 63523
69462 -1 48 69461 47 63097
69461 -1 35038 69460
69460 -1 58185 69459 58186 57416 58188 57415
69459 -1 51946 51393 51947 51372
51947 -1 53 56
53 26
51372 -1 33500 44944
44944 -1 35109 44825
44825 -1 73 44744
73 36
69100 -1 65555 43310
65555 -1 34 36
43310 -1 14 16
68773 -1 67011 68475 67012 68472 67013 68471
67011 -1 17 66929
17 8
68475 -1 68007 68435
68007 -1 37 67056
37 18
68435 -1 50 68434 49 67448
68434 -1 52 68433 51 63523
68433 -1 48 68432 47 63097
68432 -1 35038 68431
68431 -1 58185 68430 58186 57416 58188 57415
68430 -1 51946 68429 51947 51372 51949 51371
68429 -1 33504 44941 33503 44940
67012 -1 18 66930
66930 -1 19 22
19 9
68472 -1 68010 68406
68010 -1 38 67058
67058 -1 39 42
39 19
68406 -1 50 68405 49 67448
68405 -1 52 68404 51 63523
68404 -1 48 68403 47 63097
68403 -1 35038 68402
68402 -1 58185 68401 58186 57416 58188 57415
68401 -1 51946 68387 51947 51372 51949 51371
68387 -1 33498 44942 33503 44940
67013 -1 18 66928
66928 -1 20 21
21 10
68471 -1 68013 68377
68013 -1 38 67057
67057 -1 40 41
41 20
68377 -1 50 68376 49 67448
68376 -1 52 68375 51 63523
68375 -1 48 68374 47 63097
68374 -1 35038 68373
68373 -1 58185 68372 58186 57416 58188 57415
68372 -1 51946 68371 51947 51372 51949 51371
68371 -1 33498 44942 33504 44941
62520 -1 7 62438
7 3
70018 -1 62561 69662
69662 -1 27 69407
27 13
69407 -1 69100 68758
68758 -1 67010 68466
68466 -1 68006 67794
67794 -1 50 67462 49 67448
67462 -1 52 63524 51 63523
63524 -1 48 63093
63093 -1 35038 62852
62852 -1 58185 57427 58186 57416 58188 57415
57427 -1 51946 51393 51947 51372 51949 51371
62518 -1 8 62439
62439 -1 10 11
11 5
70015 -1 62562 69961
62562 -1 30 31
31 15
69961 -1 28 69960
69960 -1 69100 69959
69959 -1 67010 69958
69958 -1 68006 69957
69957 -1 49 67448 50 67447
67447 -1 52 63548
63548 -1 47 63097 48 63093
62517 -1 8 62440
62440 -1 9 12
9 4
70014 -1 62563 69950
62563 -1 29 32
29 14
69950 -1 28 69949
69949 -1 69100 69948
69948 -1 67010 69947
69947 -1 68006 69946
69946 -1 50 69945
69945 -1 52 63548 51 63523
25 12
62132 -1 43128 70274
43128 -1 4 5
5 2
70274 -1 62519 70013
70013 -1 62561 69658
69658 -1 28 69406
69406 -1 69100 68757
68757 -1 67010 68465
68465 -1 68006 67790
67790 -1 50 67459 49 67448
67459 -1 52 63532 51 63523
63532 -1 48 63098 47 63097
63098 -1 35038 62848
62848 -1 58185 57427 58186 57416
23 11
62392 -1 26 62129
62129 -1 43125 70273
43125 -1 3 6
3 1
70273 -1 62519 70012
70012 -1 62561 69657
69657 -1 28 69405
69405 -1 69100 68756
68756 -1 67010 68464
68464 -1 68006 67785
67785 -1 50 67455 49 67448
67455 -1 52 63529 51 63523
63529 -1 47 63097 48 63096
63096 -1 35038 62844
62844 -1 58185 57427 58188 57415
