557
557 -1 12 3319 11 3316
12 -5
3319 -1 4 4019
4 -1
4019 -1 5 3945 6 3944
5 2
3945 -1 13 3869
13 6
3869 -1 16 3795
16 -7
3795 -1 18 3408
18 -8
3408 -1 2037 2640
2037 -1 8 10
8 -3
10 -4
2640 -1 1251 2541
1251 -1 20 21
20 -9
21 10
2541 -1 1193 2477
1193 -1 24 26
24 -11
26 -12
2477 -1 32 2383 31 2375
32 -15
2383 -1 34 2308 33 2306
34 -16
2308 -1 27 30
27 13
30 -14
33 16
2306 -1 28 30
28 -13
31 15
2375 -1 34 2306
6 -2
3944 -1 14 3874
14 -6
3874 -1 16 3797 15 3796
3797 -1 17 3411
17 8
3411 -1 2036 2643
2036 -1 8 9
9 4
2643 -1 1255 2538
1255 -1 20 22
22 -10
2538 -1 1195 2469
1195 -1 24 25
25 12
2469 -1 31 2375 32 2374
2374 -1 34 2309
2309 -1 27 30 28 29
29 14
15 7
3796 -1 18 3410
3410 -1 2038 2642
2038 -1 7 10
7 3
2642 -1 1255 2539
2539 -1 1194 2464
1194 -1 23 26
23 11
2464 -1 32 2377
2377 -1 34 2309 33 2306
11 5
3316 -1 3 4014
3 1
4014 -1 6 3943
3943 -1 14 3868
3868 -1 16 3794
3794 -1 18 3409
3409 -1 2037 2641
2641 -1 1254 2540
1254 -1 19 22
19 9
2540 -1 1193 2473
2473 -1 32 2380 31 2375
2380 -1 34 2307 33 2306
2307 -1 28 29
