552
552 -1 16 6401 15 6396
16 -7
6401 -1 18 7392 17 7387
18 -8
7392 -1 11 7371 12 7247
11 5
7371 -1 14 7370
14 -6
7370 -1 7367 6851
7367 -1 3334 657 3336 651
3334 -1 4 6
4 -1
6 -2
657 -1 7 10 8 9
7 3
10 -4
8 -3
9 4
3336 -1 4 5
5 2
651 -1 8 10
6851 -1 20 6850
20 -9
6850 -1 22 5519 21 5516
22 -10
5519 -1 25 5426 26 4184
25 12
5426 -1 24 5425
24 -11
5425 -1 32 5419 31 3825
32 -15
5419 -1 34 4088
34 -16
4088 -1 27 30 28 29
27 13
30 -14
28 -13
29 14
31 15
3825 -1 34 3756
3756 -1 28 30
26 -12
4184 -1 23 4115
23 11
4115 -1 32 4089
4089 -1 34 4088 33 3756
33 16
21 10
5516 -1 26 5468
5468 -1 24 5467
5467 -1 32 5466 31 3825
5466 -1 34 3758 33 3756
3758 -1 27 30
12 -5
7247 -1 13 7238
13 6
7238 -1 7236 6854
7236 -1 3334 657 3335 651
3335 -1 3 6
3 1
6854 -1 19 6572 20 6571
19 9
6572 -1 22 5515
5515 -1 26 5491
5491 -1 24 5490
5490 -1 32 5489 31 3825
5489 -1 34 3757 33 3756
3757 -1 28 29
6571 -1 22 5519
17 8
7387 -1 12 7365
7365 -1 14 7364
7364 -1 7361 6713
7361 -1 3334 652 3338 651
652 -1 7 10
3338 -1 3 6 4 5
6713 -1 20 6581 19 6572
6581 -1 22 5517 21 5516
5517 -1 26 4184
15 7
6396 -1 18 7386
7386 -1 12 7244
7244 -1 14 6863
6863 -1 6374 6709
6374 -1 3338 651 3334 650
650 -1 8 9
6709 -1 20 6577 19 6572
6577 -1 22 5518 21 5516
5518 -1 25 5426
