584
584 -1 31 6940 32 6939
31 15
6940 -1 23 6848
23 11
6848 -1 3018 6721
3018 -1 26 2949
26 -12
2949 -1 20 22
20 -9
22 -10
6721 -1 1791 6555
1791 -1 28 30
28 -13
30 -14
6555 -1 34 6471
34 -16
6471 -1 12 6365 11 6357
12 -5
6365 -1 14 5391 13 5390
14 -6
5391 -1 16 5144
16 -7
5144 -1 17 5060
17 8
5060 -1 7 4974 8 4973
7 3
4974 -1 10 4905
10 -4
4905 -1 4 6
4 -1
6 -2
8 -3
4973 -1 10 4908
4908 -1 3 6 4 5
3 1
5 2
13 6
5390 -1 16 5343
5343 -1 18 5342
18 -8
5342 -1 8 4978 7 4974
4978 -1 10 4907 9 4905
4907 -1 3 6
9 4
11 5
6357 -1 14 5389
5389 -1 16 5365
5365 -1 18 5364
5364 -1 8 4982 7 4974
4982 -1 10 4906 9 4905
4906 -1 4 5
32 -15
6939 -1 24 6858
24 -11
6858 -1 3017 6725 3016 6723 3015 6722
3017 -1 26 2950
2950 -1 20 21
21 10
6725 -1 1787 6700
1787 -1 28 29
29 14
6700 -1 34 6699
6699 -1 11 6357 12 6356
6356 -1 14 5393
5393 -1 15 5302 16 5144
15 7
5302 -1 18 5301
5301 -1 8 5300
5300 -1 10 4908 9 4905
3016 -1 26 2951
2951 -1 19 22
19 9
6723 -1 1790 6695
1790 -1 27 30
27 13
6695 -1 34 6694
6694 -1 12 6693
6693 -1 14 5393 13 5390
3015 -1 25 2949
25 12
6722 -1 1791 6556
6556 -1 33 6475
33 16
6475 -1 12 6362 11 6357
6362 -1 14 5392 13 5390
5392 -1 15 5302
