27774
27774 -1 24 69387 23 69376
24 -11
69387 -1 26 69114 25 69095
26 -12
69114 -1 44416 79672
44416 -1 4 6
4 -1
6 -2
79672 -1 69503 79380 69504 79379 69502 79376 69501 79375
69503 -1 8 69422
8 -3
69422 -1 10 12
10 -4
12 -5
79380 -1 69545 79001
69545 -1 30 32
30 -14
32 -15
79001 -1 28 78771
28 -13
78771 -1 78401 78794 78404 78785 78397 78048
78401 -1 74149 44603
74149 -1 33 36
33 16
36 -17
44603 -1 13 16
13 6
16 -7
78794 -1 75708 78793
75708 -1 18 75627
18 -8
75627 -1 20 22
20 -9
22 -10
78793 -1 77239 78792
77239 -1 38 75754
38 -18
75754 -1 40 42
40 -19
42 -20
78792 -1 50 78791 49 76546
50 -24
78791 -1 52 78790 51 71520
52 -25
78790 -1 48 78789 47 71014
48 -23
78789 -1 44 78788 43 69913
44 -21
78788 -1 46 78787 45 58703
46 -22
78787 -1 55672 56461 55671 49518
55672 -1 54 55
54 -26
55 27
56461 -1 31500 56460
31500 -1 58 31356
58 -28
31356 -1 60 62
60 -29
62 -30
56460 -1 47069 56449 47074 46678
47069 -1 68 32968
68 -33
32968 -1 70 72
70 -34
72 -35
56449 -1 33277 48700 33282 46306
33277 -1 64 66
64 -31
66 -32
48700 -1 74 48681 73 46084
74 -36
48681 -1 76 48680
76 -37
48680 -1 78 48672 77 33312
78 -38
48672 -1 79 82 80 81
79 39
82 -40
80 -39
81 40
77 38
33312 -1 80 82
73 36
46084 -1 76 33434
33434 -1 78 33312
33282 -1 63 66 64 65
63 31
65 32
46306 -1 74 46084
47074 -1 68 35948 67 32968
35948 -1 69 72 70 71
69 34
71 35
67 33
46678 -1 33277 46306
55671 -1 54 56
56 -27
49518 -1 31503 49542 31498 49534 31504 49528
31503 -1 58 31359
31359 -1 60 61
61 30
49542 -1 47069 49541 47074 46678
49541 -1 33277 49540 33282 46306
49540 -1 74 49539 73 46084
49539 -1 76 49538 75 33434
49538 -1 78 33314 77 33312
33314 -1 79 82
75 37
31498 -1 57 31356
57 28
49534 -1 47069 49533 47074 46678
49533 -1 33277 49532 33282 46306
49532 -1 74 49531 73 46084
49531 -1 76 49530 75 33434
49530 -1 78 48672
31504 -1 58 31354
31354 -1 59 62
59 29
49528 -1 47069 49527 47074 46678
49527 -1 33277 49526 33282 46306
49526 -1 74 49525 73 46084
49525 -1 76 49524 75 33434
49524 -1 78 33313 77 33312
33313 -1 80 81
45 22
58703 -1 55671 58702
58702 -1 31500 58701
58701 -1 47069 56405 47074 46678
56405 -1 33277 56366 33278 46306
56366 -1 74 48693 73 46084
48693 -1 76 48680 75 33434
33278 -1 63 66
43 21
69913 -1 46 63439
63439 -1 55671 63438
63438 -1 31500 63437
63437 -1 47069 56571 47074 46678
56571 -1 33277 56366 33280 46306
33280 -1 64 65
47 23
71014 -1 44 71013
71013 -1 46 71012
71012 -1 55671 71011
71011 -1 31500 71010
71010 -1 47069 58682 70950 46678
58682 -1 33277 56366 33282 46306
70950 -1 68 35948
51 25
71520 -1 48 71055
71055 -1 44 71054
71054 -1 46 71053
71053 -1 55671 71052
71052 -1 31500 71051
71051 -1 47069 58682 70969 46678
70969 -1 67 32968 68 32966
32966 -1 69 72
49 24
76546 -1 52 71521
71521 -1 48 70997
70997 -1 44 70996
70996 -1 46 70995
70995 -1 55671 70994
70994 -1 31500 70993
70993 -1 47069 58682 70968 46678
70968 -1 68 32969 67 32968
32969 -1 70 71
78404 -1 74151 44606
74151 -1 34 35
34 -16
35 17
44606 -1 14 15
14 -6
15 7
78785 -1 75708 78784
78784 -1 77239 78783
78783 -1 50 78782 49 76546
78782 -1 52 78781 51 71520
78781 -1 48 78780 47 71014
78780 -1 44 78779 43 69913
78779 -1 46 78778 45 58703
78778 -1 55670 56393 55671 49518
55670 -1 53 56
53 26
56393 -1 31500 56392
56392 -1 47069 56391 47074 46678
56391 -1 33277 48907 33282 46306
48907 -1 74 48693
78397 -1 74148 44602
74148 -1 34 36
44602 -1 14 16
78048 -1 75709 77729 75710 77726 75711 77725
75709 -1 17 75627
17 8
77729 -1 77240 77689
77240 -1 37 75754
37 18
77689 -1 50 77688 49 76546
77688 -1 52 77687 51 71520
77687 -1 48 77686 47 71014
77686 -1 44 77685 43 69913
77685 -1 46 77684 45 58703
77684 -1 55671 77683 55672 56461 55670 56393
77683 -1 31503 49542 31504 49528
75710 -1 18 75628
75628 -1 19 22
19 9
77726 -1 77243 77660
77243 -1 38 75755
75755 -1 39 42
39 19
77660 -1 50 77659 49 76546
77659 -1 52 77658 51 71520
77658 -1 48 77657 47 71014
77657 -1 44 77656 43 69913
77656 -1 46 77655 45 58703
77655 -1 55671 77641 55672 56461 55670 56393
77641 -1 31503 49542 31498 49534
75711 -1 18 75626
75626 -1 20 21
21 10
77725 -1 77246 77631
77246 -1 38 75756
75756 -1 40 41
41 20
77631 -1 50 77630 49 76546
77630 -1 52 77629 51 71520
77629 -1 48 77628 47 71014
77628 -1 44 77627 43 69913
77627 -1 46 77626 45 58703
77626 -1 55671 77625 55672 56461 55670 56393
77625 -1 31498 49534 31504 49528
69504 -1 7 69422
7 3
79379 -1 69545 79002
79002 -1 27 78726
27 13
78726 -1 78397 78033
78033 -1 75708 77720
77720 -1 77239 76992
76992 -1 50 76564 49 76546
76564 -1 52 71522 51 71520
71522 -1 48 70449
70449 -1 44 69921 43 69913
69921 -1 45 58703 46 57129
57129 -1 55672 56461 55670 56393 55671 49518
69502 -1 8 69423
69423 -1 10 11
11 5
79376 -1 69546 79322
69546 -1 30 31
31 15
79322 -1 28 79321
79321 -1 78397 79320
79320 -1 75708 79319
79319 -1 77239 79318
79318 -1 49 76546 50 76545
76545 -1 52 71564
71564 -1 47 71014 48 70449
69501 -1 8 69424
69424 -1 9 12
9 4
79375 -1 69547 79311
69547 -1 29 32
29 14
79311 -1 28 79310
79310 -1 78397 79309
79309 -1 75708 79308
79308 -1 77239 79307
79307 -1 50 79306
79306 -1 52 71564 51 71520
25 12
69095 -1 44420 79656
44420 -1 4 5
5 2
79656 -1 69503 79374
79374 -1 69545 78998
78998 -1 28 78725
78725 -1 78397 78032
78032 -1 75708 77719
77719 -1 77239 76988
76988 -1 50 76561 49 76546
76561 -1 52 71534 51 71520
71534 -1 47 71014 48 70452
70452 -1 44 69914 43 69913
69914 -1 46 57129
23 11
69376 -1 26 69092
69092 -1 44417 79655
44417 -1 3 6
3 1
79655 -1 69503 79373
79373 -1 69545 78997
78997 -1 28 78724
78724 -1 78397 78031
78031 -1 75708 77718
77718 -1 77239 76982
76982 -1 50 76556 49 76546
76556 -1 52 71530 51 71520
71530 -1 47 71014 48 70443
70443 -1 44 69921
