6297
6297 -1 30 13848 29 13843
30 -14
13848 -1 10 14209
10 -4
14209 -1 11 14053 12 14052
11 5
14053 -1 31 13919
31 15
13919 -1 8 13410
8 -3
13410 -1 28 12753
28 -13
12753 -1 11682 10675
11682 -1 10226 10079
10226 -1 24 26
24 -11
26 -12
10079 -1 34 9936
34 -16
9936 -1 36 9848
36 -17
9848 -1 38 9781
38 -18
9781 -1 40 42
40 -19
42 -20
10675 -1 10559 10479
10559 -1 4 6
4 -1
6 -2
10479 -1 14 10399
14 -6
10399 -1 16 10344
16 -7
10344 -1 18 10302
18 -8
10302 -1 20 22
20 -9
22 -10
12 -5
14052 -1 32 13924
32 -15
13924 -1 7 13412 8 13411
7 3
13412 -1 27 12753
27 13
13411 -1 28 12799
12799 -1 11686 10682 11685 10681 11689 10680 11693 10679 11698 10678 11704 10677 11710 10676
11686 -1 10225 10079
10225 -1 23 26
23 11
10682 -1 10560 10479
10560 -1 3 6
3 1
11685 -1 10228 10079
10228 -1 24 25
25 12
10681 -1 10563 10479
10563 -1 4 5
5 2
11689 -1 10226 10080
10080 -1 33 9936
33 16
10680 -1 10559 10480
10480 -1 13 10399
13 6
11693 -1 10226 10081
10081 -1 34 9937
9937 -1 35 9848
35 17
10679 -1 10559 10481
10481 -1 14 10400
10400 -1 15 10344
15 7
11698 -1 10226 10082
10082 -1 34 9938
9938 -1 36 9849
9849 -1 37 9781
37 18
10678 -1 10559 10482
10482 -1 14 10401
10401 -1 16 10346
10346 -1 17 10302
17 8
11704 -1 10226 10083
10083 -1 34 9939
9939 -1 36 9850
9850 -1 38 9782
9782 -1 39 42
39 19
10677 -1 10559 10483
10483 -1 14 10402
10402 -1 16 10347
10347 -1 18 10304
10304 -1 19 22
19 9
11710 -1 10226 10084
10084 -1 34 9940
9940 -1 36 9851
9851 -1 38 9783
9783 -1 40 41
41 20
10676 -1 10559 10478
10478 -1 14 10398
10398 -1 16 10345
10345 -1 18 10303
10303 -1 20 21
21 10
29 14
13843 -1 9 14204
9 4
14204 -1 12 14051
14051 -1 32 13919
