5209
5209 -1 30 22135 29 22118
30 -14
22135 -1 31 25913 32 25912
31 15
25913 -1 9 25423 10 25422
9 4
25423 -1 12 24179
12 -5
24179 -1 8 23634
8 -3
23634 -1 28 23193
28 -13
23193 -1 24 22978
24 -11
22978 -1 26 22748
26 -12
22748 -1 34 22440
34 -16
22440 -1 18501 15535
18501 -1 36 18410
36 -17
18410 -1 38 18340
38 -18
18340 -1 40 42
40 -19
42 -20
15535 -1 4 15146
4 -1
15146 -1 6 11235
6 -2
11235 -1 14 11013
14 -6
11013 -1 16 10900
16 -7
10900 -1 18 10827
18 -8
10827 -1 20 22
20 -9
22 -10
10 -4
25422 -1 12 24181
24181 -1 8 23635 7 23634
23635 -1 28 23192
23192 -1 24 22979
22979 -1 26 22747
22747 -1 34 22439
22439 -1 18501 15569
15569 -1 4 15173 3 15146
15173 -1 6 11238 5 11235
11238 -1 14 11016 13 11013
11016 -1 16 10903 15 10900
10903 -1 18 10830 17 10827
10830 -1 19 22 20 21
19 9
21 10
17 8
15 7
13 6
5 2
3 1
7 3
32 -15
25912 -1 10 25471 9 25466
25471 -1 12 24176 11 24131
24176 -1 8 23649 7 23636
23649 -1 28 23212 27 23192
23212 -1 24 22996 23 22985
22996 -1 25 22956 26 22763
25 12
22956 -1 34 22955
22955 -1 18501 22954
22954 -1 4 22725 3 15146
22725 -1 6 11238
22763 -1 33 22734 34 22487
33 16
22734 -1 18501 22733
22733 -1 4 22732 3 15146
22732 -1 6 22429 5 11235
22429 -1 14 11016
22487 -1 22501 22554 22520 22551 22519 22548 22510 22545
22501 -1 36 22500
22500 -1 37 18340
37 18
22554 -1 4 22553 3 15146
22553 -1 6 22552 5 11235
22552 -1 14 22531 13 11013
22531 -1 16 22525 15 10900
22525 -1 18 10830
22520 -1 35 18410
35 17
22551 -1 4 22550 3 15146
22550 -1 6 22549 5 11235
22549 -1 14 22521 13 11013
22521 -1 16 10903
22519 -1 36 22502
22502 -1 38 18341
18341 -1 39 42
39 19
22548 -1 4 22547 3 15146
22547 -1 6 22546 5 11235
22546 -1 14 22535 13 11013
22535 -1 16 22504 15 10900
22504 -1 18 10828 17 10827
10828 -1 20 21
22510 -1 36 22509
22509 -1 38 18343
18343 -1 40 41
41 20
22545 -1 4 22544 3 15146
22544 -1 6 22543 5 11235
22543 -1 14 22539 13 11013
22539 -1 16 22514 15 10900
22514 -1 18 10829 17 10827
10829 -1 19 22
23 11
22985 -1 26 22949
22949 -1 34 22948
22948 -1 18501 22947
22947 -1 4 15173
27 13
23636 -1 28 23199
23199 -1 24 22984 23 22978
22984 -1 26 22753 25 22748
22753 -1 34 22443 33 22440
22443 -1 18515 15535
18515 -1 36 18421 35 18410
18421 -1 38 18346 37 18340
18346 -1 39 42 40 41
11 5
24131 -1 8 24024
24024 -1 28 23199 27 23193
25466 -1 12 24131
29 14
22118 -1 32 25861
25861 -1 10 25425
25425 -1 12 24181 11 24179
