4209929
4209929 -1 44 4254013 43 4253980
44 -21
4254013 -1 45 4253934 46 4253579
45 22
4253934 -1 3 4265295 4 4265292
3 1
4265295 -1 6 4264396
6 -2
4264396 -1 4254135 4263423
4254135 -1 8 4226670
8 -3
4226670 -1 10 12
10 -4
12 -5
4263423 -1 4254277 4262351
4254277 -1 50 52
50 -24
52 -25
4262351 -1 48 4261969
48 -23
4261969 -1 54 4261612
54 -26
4261612 -1 56 4257265
56 -27
4257265 -1 4246912 4256571
4246912 -1 58 4246809
58 -28
4246809 -1 60 62
60 -29
62 -30
4256571 -1 4255893 4255168
4255893 -1 68 4254319
68 -33
4254319 -1 70 72
70 -34
72 -35
4255168 -1 4247484 4240708
4247484 -1 4225569 4247268
4225569 -1 64 66
64 -31
66 -32
4247268 -1 74 4247122
74 -36
4247122 -1 76 4247031
76 -37
4247031 -1 78 4246961
78 -38
4246961 -1 80 82
80 -39
82 -40
4240708 -1 4230187 4239865
4230187 -1 4227334 4227178
4227334 -1 14 16
14 -6
16 -7
4227178 -1 18 4227025
18 -8
4227025 -1 20 22
20 -9
22 -10
4239865 -1 4228889 4239237
4228889 -1 28 4227378
28 -13
4227378 -1 30 32
30 -14
32 -15
4239237 -1 24 4238844
24 -11
4238844 -1 26 4227819
26 -12
4227819 -1 34 4227597
34 -16
4227597 -1 36 4227484
36 -17
4227484 -1 38 4227411
38 -18
4227411 -1 40 42
40 -19
42 -20
4 -1
4265292 -1 6 4264397
4264397 -1 4254135 4263424 4254145 4263423
4263424 -1 4254277 4262352
4262352 -1 48 4261968
4261968 -1 54 4261611
4261611 -1 56 4257266
4257266 -1 4246912 4256570
4256570 -1 4255893 4255167
4255167 -1 4247484 4240776
4240776 -1 4230187 4239921 4230196 4239865
4239921 -1 4228889 4239240 4228895 4239237
4239240 -1 24 4238847 23 4238844
4238847 -1 26 4227822 25 4227819
4227822 -1 34 4227600 33 4227597
4227600 -1 36 4227487 35 4227484
4227487 -1 38 4227414 37 4227411
4227414 -1 39 42 40 41
39 19
41 20
37 18
35 17
33 16
25 12
23 11
4228895 -1 28 4227380 27 4227378
4227380 -1 29 32 30 31
29 14
31 15
27 13
4230196 -1 4227334 4227182 4227339 4227178
4227182 -1 18 4227027 17 4227025
4227027 -1 19 22 20 21
19 9
21 10
17 8
4227339 -1 13 16 14 15
13 6
15 7
4254145 -1 8 4226674 7 4226670
4226674 -1 9 12 10 11
9 4
11 5
7 3
46 -22
4253579 -1 4 4265291 3 4265289
4265291 -1 6 4264504 5 4264414
4264504 -1 4264519 4264525 4264516 4264524 4264515 4264523 4254135 4263464
4264519 -1 8 4226671
4226671 -1 9 12
4264525 -1 4254277 4264183 4254280 4262351
4264183 -1 48 4261976 47 4261969
4261976 -1 54 4261644 53 4261612
4261644 -1 56 4257271 55 4257265
4257271 -1 4246912 4256577 4246922 4256571
4256577 -1 4255893 4255174 4255899 4255168
4255174 -1 4247508 4240708
4247508 -1 4225569 4247285 4225796 4247268
4247285 -1 74 4247136 73 4247122
4247136 -1 76 4247042 75 4247031
4247042 -1 78 4246967 77 4246961
4246967 -1 79 82 80 81
79 39
81 40
77 38
75 37
73 36
4225796 -1 63 66 64 65
63 31
65 32
4255899 -1 68 4254323 67 4254319
4254323 -1 69 72 70 71
69 34
71 35
67 33
4246922 -1 58 4246814 57 4246809
4246814 -1 59 62 60 61
59 29
61 30
57 28
55 27
53 26
47 23
4254280 -1 50 51
51 25
4264516 -1 7 4226670
4264524 -1 4254277 4262353 4259323 4262351
4262353 -1 48 4261976
4259323 -1 49 52 50 51
49 24
4264515 -1 8 4226673
4226673 -1 10 11
4264523 -1 4254277 4264183 4254278 4262351
4254278 -1 49 52
4263464 -1 4254277 4262377 4259323 4262352
4262377 -1 48 4262003 47 4261968
4262003 -1 54 4261638 53 4261613
4261638 -1 55 4261576 56 4257337
4261576 -1 4246912 4261575
4261575 -1 4255893 4261574
4261574 -1 4247484 4261573
4261573 -1 4230187 4239921 4261567 4239865
4261567 -1 4227334 4227182 4227335 4227178
4227335 -1 13 16
4257337 -1 4257356 4257391 4257348 4257385 4257347 4257379 4246912 4256630
4257356 -1 58 4246812
4246812 -1 60 61
4257391 -1 4255893 4257390
4257390 -1 4247484 4257389
4257389 -1 4230187 4239921 4257388 4239865
4257388 -1 4227334 4257361 4227339 4227178
4257361 -1 17 4227025 18 4227023
4227023 -1 19 22
4257348 -1 58 4246810
4246810 -1 59 62
4257385 -1 4255893 4257384
4257384 -1 4247484 4257383
4257383 -1 4230187 4239921 4257382 4239865
4257382 -1 4227334 4257351 4227339 4227178
4257351 -1 18 4227026 17 4227025
4227026 -1 20 21
4257347 -1 57 4246809
4257379 -1 4255893 4257378
4257378 -1 4247484 4257377
4257377 -1 4230187 4239921 4257376 4239865
4257376 -1 4227334 4257369 4227339 4227178
4257369 -1 18 4227027
4256630 -1 4256649 4256672 4256642 4256668 4256641 4256664 4255893 4255259
4256649 -1 68 4254322
4254322 -1 70 71
4256672 -1 4247484 4256671
4256671 -1 4230187 4256670 4230196 4239865
4256670 -1 4228889 4239240 4256652 4239237
4256652 -1 27 4227378 28 4227376
4227376 -1 29 32
4256642 -1 67 4254319
4256668 -1 4247484 4256667
4256667 -1 4230187 4256666 4230196 4239865
4256666 -1 4228889 4239240 4256645 4239237
4256645 -1 28 4227380
4256641 -1 68 4254320
4254320 -1 69 72
4256664 -1 4247484 4256663
4256663 -1 4230187 4256662 4230196 4239865
4256662 -1 4228889 4239240 4256657 4239237
4256657 -1 28 4227379 27 4227378
4227379 -1 30 31
4255259 -1 4255300 4255450 4255309 4255448 4255350 4255446 4255381 4255444 4255378 4255442 4255328 4255440 4255285 4255438
4255300 -1 4225569 4255299
4255299 -1 74 4255298
4255298 -1 76 4255297
4255297 -1 78 4246962
4246962 -1 79 82
4255450 -1 4230187 4255449 4230196 4239865
4255449 -1 4228889 4255409 4228895 4239237
4255409 -1 24 4255408 23 4238844
4255408 -1 26 4255407 25 4227819
4255407 -1 34 4255406 33 4227597
4255406 -1 36 4255405 35 4227484
4255405 -1 38 4227412 37 4227411
4227412 -1 40 41
4255309 -1 4225569 4255308
4255308 -1 73 4247122
4255448 -1 4230187 4255447 4230196 4239865
4255447 -1 4228889 4255414 4228895 4239237
4255414 -1 24 4255413 23 4238844
4255413 -1 26 4255412 25 4227819
4255412 -1 34 4227600
4255350 -1 4225570 4247268
4225570 -1 63 66
4255446 -1 4230187 4255445 4230196 4239865
4255445 -1 4228889 4255417 4228895 4239237
4255417 -1 24 4238847
4255381 -1 4225569 4255380
4255380 -1 74 4255379
4255379 -1 76 4255286
4255286 -1 78 4246964
4246964 -1 80 81
4255444 -1 4230187 4255443 4230196 4239865
4255443 -1 4228889 4255383 4228895 4239237
4255383 -1 24 4255382 23 4238844
4255382 -1 26 4255371 25 4227819
4255371 -1 34 4255370 33 4227597
4255370 -1 36 4255290 35 4227484
4255290 -1 38 4227413 37 4227411
4227413 -1 39 42
4255378 -1 4225569 4255377
4255377 -1 74 4255376
4255376 -1 75 4247031
4255442 -1 4230187 4255441 4230196 4239865
4255441 -1 4228889 4255423 4228895 4239237
4255423 -1 24 4255422 23 4238844
4255422 -1 26 4255421 25 4227819
4255421 -1 34 4255420 33 4227597
4255420 -1 36 4227487
4255328 -1 4225572 4247268
4225572 -1 64 65
4255440 -1 4230187 4255439 4230196 4239865
4255439 -1 4228889 4255427 4228895 4239237
4255427 -1 24 4255426 23 4238844
4255426 -1 26 4227822
4255285 -1 4225569 4255284
4255284 -1 74 4255283
4255283 -1 76 4255282
4255282 -1 77 4246961
4255438 -1 4230187 4255437 4230196 4239865
4255437 -1 4228889 4255434 4228895 4239237
4255434 -1 24 4255433 23 4238844
4255433 -1 26 4255432 25 4227819
4255432 -1 34 4255431 33 4227597
4255431 -1 36 4255430 35 4227484
4255430 -1 38 4227414
4261613 -1 56 4261564
4261564 -1 4246912 4261563
4261563 -1 4255893 4261562
4261562 -1 4247484 4261561
4261561 -1 4230187 4239921 4261555 4239865
4261555 -1 4227334 4227182 4227337 4227178
4227337 -1 14 15
5 2
4264414 -1 4254135 4264189
4264189 -1 4254277 4264183 4259323 4262351
4265289 -1 6 4264414
43 21
4253980 -1 46 4253929
4253929 -1 4 4265294
4265294 -1 6 4264397 5 4264396
