896
896 -1 48966 49465 48964 49464 48965 49463 48963 49462 3 49461
48966 -1 7 48961
7 3
48961 -1 4 6
4 -1
6 -2
49465 -1 764 51005 52000 49396
764 -1 94 501
94 -1 26 27
26 -12
27 13
501 -1 21 24
21 10
24 -11
51005 -1 41 61
41 20
61 30
52000 -1 94 540 83 21
540 -1 21 23
23 11
83 -1 26 28 25 2
28 -13
25 12
2 0
49396 -1 38977 49395 49095 61
38977 -1 41 38975
38975 -1 44 46
44 -21
46 -22
49395 -1 61 48
48 -23
49095 -1 41 1762
1762 -1 44 45 43 2
45 22
43 21
48964 -1 9 48962
9 4
48962 -1 8 48961
8 -3
49464 -1 763 51005 51998 49389
763 -1 124 501
124 -1 1245 29
1245 -1 26 28
29 14
51998 -1 124 540 113 21
113 -1 1245 30 1247 2
30 -14
1247 -1 26 27 25 2
49389 -1 38977 49388 49095 61
49388 -1 61 49013
49013 -1 48 50 47 2
50 -24
47 23
48965 -1 4 5
5 2
49463 -1 765 51005 51996 49391
765 -1 25 501
51996 -1 25 540 26 21
49391 -1 49390 61
49390 -1 41 1759
1759 -1 44 46 43 2
48963 -1 10 48962
10 -4
49462 -1 14187 52049 52001 51171
14187 -1 7289 501
7289 -1 1245 30
52049 -1 31 52064 32 52063
31 15
52064 -1 12 51073 11 51005
12 -5
51073 -1 14 51072 13 51060
14 -6
51072 -1 16 51071 15 51063
16 -7
51071 -1 18 51070 17 51066
18 -8
51070 -1 19 51069 20 51068
19 9
51069 -1 59 51067 60 51005
59 29
51067 -1 58 51065 57 51005
58 -28
51065 -1 38977 51064 49095 61
51064 -1 56 51061 55 61
56 -27
51061 -1 54 51058 53 61
54 -26
51058 -1 61 50856
50856 -1 52 48971 51 2
52 -25
48971 -1 48 49 47 2
49 24
51 25
53 26
55 27
57 28
60 -29
20 -9
51068 -1 60 51067 59 51005
17 8
51066 -1 57 51065 58 51005
15 7
51063 -1 38977 51062 49095 61
51062 -1 55 51061 56 61
13 6
51060 -1 38977 51059 49095 61
51059 -1 53 51058 54 61
11 5
32 -15
52063 -1 12 52062 11 49392
52062 -1 13 52061 14 52060
52061 -1 34 51060 33 51005
34 -16
33 16
52060 -1 34 52059 33 51072
52059 -1 35 52058 36 52057
35 17
52058 -1 16 51071 15 51005
36 -17
52057 -1 16 52056 15 51063
52056 -1 17 52055 18 52054
52055 -1 38 51066 37 51005
38 -18
37 18
52054 -1 20 52053 19 52051
52053 -1 40 52052 39 51068
40 -19
52052 -1 37 51068 38 51005
39 19
52051 -1 39 52050 40 51069
52050 -1 37 51069 38 51005
49392 -1 38977 49262 49095 61
49262 -1 61 48972
48972 -1 51 48971 52 2
52001 -1 7289 540 7291 21
7291 -1 1245 29 1247 2
51171 -1 12 51073 11 49392
3 1
49461 -1 540 51005 501 49398
49398 -1 49397 61
49397 -1 41 44
