442
442 -1 18 4850 17 4843
18 -8
4850 -1 16 5087 15 5082
16 -7
5087 -1 11 5067 12 4949
11 5
5067 -1 14 5066
14 -6
5066 -1 4428 4443 4432 4440 4421 4437 4433 4434
4428 -1 20 4427
20 -9
4427 -1 22 2551
22 -10
2551 -1 24 25
24 -11
25 12
4443 -1 10 4439
10 -4
4439 -1 4 4438 3 2655
4 -1
4438 -1 5 8 6 7
5 2
8 -3
6 -2
7 3
3 1
2655 -1 6 8
4432 -1 19 2615
19 9
2615 -1 22 2548
2548 -1 24 26
26 -12
4440 -1 10 4439 9 2726
9 4
2726 -1 4 2655
4421 -1 20 4420
4420 -1 21 2548
21 10
4437 -1 10 4436 9 2726
4436 -1 4 2656 3 2655
2656 -1 6 7
4433 -1 20 4422
4422 -1 22 2549
2549 -1 23 26
23 11
4434 -1 10 4430 9 2726
4430 -1 4 2657 3 2655
2657 -1 5 8
12 -5
4949 -1 13 4941
13 6
4941 -1 4428 4443 4432 4442 4421 4440 4433 4434
4442 -1 10 4441 9 2726
4441 -1 4 4438
15 7
5082 -1 12 5057
5057 -1 14 5056
5056 -1 4428 4443 4432 4442 4433 4440 4421 4437
17 8
4843 -1 16 5081
5081 -1 12 4946
4946 -1 14 4810
4810 -1 4432 4442 4428 4440 4421 4437 4433 4434
