19604
19604 -1 24 54676 23 54662
24 -11
54676 -1 40 77572 39 77559
40 -19
77572 -1 41 77532 42 77199
41 20
77532 -1 52790 77531
52790 -1 34 44383
34 -16
44383 -1 36 38
36 -17
38 -18
77531 -1 32016 77530
32016 -1 30 31931
30 -14
31931 -1 32 31866
32 -15
31866 -1 26 28
26 -12
28 -13
77530 -1 46 77529 45 74848
46 -22
77529 -1 56 77528 55 74003
56 -27
77528 -1 58 77527 57 73316
58 -28
77527 -1 44 77526 43 72805
44 -21
77526 -1 62 72335 61 72243
62 -30
72335 -1 72383 72403 72349 72388 72369 72384 72358 72377 72380 72371
72383 -1 60 72382
60 -29
72382 -1 52 72381
52 -25
72381 -1 54 54737
54 -26
54737 -1 48 49
48 -23
49 24
72403 -1 57124 72402 57129 64507
57124 -1 22 55570
22 -10
55570 -1 18 20
18 -8
20 -9
72402 -1 55612 72401 55616 64135
55612 -1 6 8
6 -2
8 -3
72401 -1 4 72400 3 55930
4 -1
72400 -1 14 59472 13 55720
14 -6
59472 -1 16 55648 15 55647
16 -7
55648 -1 10 11
10 -4
11 5
15 7
55647 -1 10 12
12 -5
13 6
55720 -1 16 55647
3 1
55930 -1 14 55720
55616 -1 5 8 6 7
5 2
7 3
64135 -1 4 55930
57129 -1 22 55574 21 55570
55574 -1 17 20 18 19
17 8
19 9
21 10
64507 -1 55612 64135
72349 -1 60 72348
72348 -1 51 54801
51 25
54801 -1 54 54734
54734 -1 48 50
50 -24
72388 -1 57124 72387 57129 64507
72387 -1 55612 72386 55616 64135
72386 -1 4 72385 3 55930
72385 -1 14 59360 13 55720
59360 -1 16 55649 15 55647
55649 -1 9 12
9 4
72369 -1 59 54889
59 29
54889 -1 52 54801
72384 -1 57124 64508 59334 64507
64508 -1 55612 64138 55616 64135
64138 -1 4 55933 3 55930
55933 -1 14 55723 13 55720
55723 -1 16 55650 15 55647
55650 -1 9 12 10 11
59334 -1 22 55572 21 55570
55572 -1 17 20
72358 -1 60 72357
72357 -1 52 72356
72356 -1 54 54735
54735 -1 47 50
47 23
72377 -1 57124 72376 57129 64507
72376 -1 55612 64138 55613 64135
55613 -1 5 8
72380 -1 60 72379
72379 -1 52 72378
72378 -1 53 54734
53 26
72371 -1 57124 72363 57129 64507
72363 -1 55612 72360 55616 64135
72360 -1 4 72359 3 55930
72359 -1 14 55723
61 30
72243 -1 54998 65576
54998 -1 60 54889
65576 -1 57124 64508 57129 64507
43 21
72805 -1 62 72280
72280 -1 54998 72185
72185 -1 57124 72033 57129 64507
72033 -1 55612 72029 55616 64135
72029 -1 4 55933
57 28
73316 -1 44 72800
72800 -1 62 72242
72242 -1 54998 67131
67131 -1 57124 64508 59317 64507
59317 -1 22 55571 21 55570
55571 -1 18 19
55 27
74003 -1 58 73311
73311 -1 44 72799
72799 -1 62 72241
72241 -1 54998 67186
67186 -1 57124 64536 57129 64507
64536 -1 55612 64142 55616 64135
64142 -1 4 59310 3 55930
59310 -1 14 59309 13 55720
59309 -1 16 55650
45 22
74848 -1 56 73997
73997 -1 58 73310
73310 -1 44 72798
72798 -1 62 72240
72240 -1 54998 65581
65581 -1 57124 64531 57129 64507
64531 -1 55612 64138 55615 64135
55615 -1 6 7
42 -20
77199 -1 52791 77223 52794 77215 52797 77209 52790 76664
52791 -1 33 44383
33 16
77223 -1 32016 77222
77222 -1 46 77221 45 74848
77221 -1 56 77220 55 74003
77220 -1 58 77219 57 73316
77219 -1 44 77218 43 72805
77218 -1 62 77217 61 72281
77217 -1 72383 72403 72349 72388 72369 72384 72358 72377 72380 65576
72281 -1 54998 71978
71978 -1 57124 64508 59346 64507
59346 -1 22 55574
52794 -1 34 44385
44385 -1 36 37
37 18
77215 -1 32016 77214
77214 -1 46 77213 45 74848
77213 -1 56 77212 55 74003
77212 -1 57 76508 58 73328
76508 -1 44 72801
72801 -1 62 72243
73328 -1 43 72805 44 72804
72804 -1 62 72335 61 72281
52797 -1 34 44384
44384 -1 35 38
35 17
77209 -1 32016 77208
77208 -1 46 77207 45 74848
77207 -1 55 76509 56 74019
76509 -1 58 76508
74019 -1 58 73328 57 73316
76664 -1 32017 76705 32018 76700 32019 76691 32020 76681
32017 -1 30 31932
31932 -1 32 31867
31867 -1 25 28
25 12
76705 -1 45 76704 46 74885
76704 -1 56 76509
74885 -1 56 74019 55 74003
32018 -1 30 31933
31933 -1 32 31868
31868 -1 26 27
27 13
76700 -1 46 76699 45 74848
76699 -1 56 76698 55 74003
76698 -1 58 76697 57 73316
76697 -1 44 76696 43 72805
76696 -1 62 76695 61 72281
76695 -1 72383 72403 72349 72388 72369 72384 72380 72371 72358 65576
32019 -1 30 31934
31934 -1 31 31866
31 15
76691 -1 46 76690 45 74848
76690 -1 56 76689 55 74003
76689 -1 58 76688 57 73316
76688 -1 44 76687 43 72805
76687 -1 62 76686 61 72281
76686 -1 72383 72403 72369 72384 72358 72377 72380 72371 72349 65576
32020 -1 29 31931
29 14
76681 -1 46 76680 45 74848
76680 -1 56 76679 55 74003
76679 -1 58 76678 57 73316
76678 -1 44 76677 43 72805
76677 -1 62 76676 61 72281
76676 -1 72349 72388 72369 72384 72358 72377 72380 72371 72383 65576
39 19
77559 -1 42 77517
77517 -1 52790 77516
77516 -1 32016 77515
77515 -1 46 77514 45 74848
77514 -1 56 77513 55 74003
77513 -1 58 77512 57 73316
77512 -1 44 77511 43 72805
77511 -1 62 77510 61 72281
77510 -1 72383 72403 72349 72388 72358 72377 72380 72371 72369 65576
23 11
54662 -1 40 77558
77558 -1 42 77141
77141 -1 52790 76581
76581 -1 32016 75734
75734 -1 46 74862 45 74848
74862 -1 56 74016 55 74003
74016 -1 58 73330 57 73316
73330 -1 44 72804 43 72801
