190
190 -1 17 3796
17 8
3796 -1 19 3806 20 3805
19 9
3806 -1 25 3374
25 12
3374 -1 3 159 4 9
3 1
159 -1 11 9
11 5
9 4
4 -1
20 -9
3805 -1 1236 3804 422 3797
1236 -1 22 25
22 -10
3804 -1 23 3803 24 3801
23 11
3803 -1 7 3802 8 9
7 3
3802 -1 15 3799 16 3798
15 7
3799 -1 4 3433 3 9
3433 -1 6 1367 5 9
6 -2
1367 -1 14 1324
14 -6
1324 -1 12 9
12 -5
5 2
16 -7
3798 -1 4 3431 3 9
3431 -1 5 9
8 -3
24 -11
3801 -1 8 3800 7 9
3800 -1 16 3799 15 3798
422 -1 21 25
21 10
3797 -1 4 2839 3 9
2839 -1 5 1368 6 9
1368 -1 13 1324
13 6
