1610
1610 -1 24293 36931 255 13738 220 13737 170 13736 134 13735 111 13734 94 13733 43 13732
24293 -1 16526 16466
16526 -1 16447 52
16447 -1 16425 50
16425 -1 8257 48
8257 -1 44 46
44 -21
46 -22
48 -23
50 -24
52 -25
16466 -1 54 56
54 -26
56 -27
36931 -1 58 35508 57 13739
58 -28
35508 -1 60 35166 59 13740
60 -29
35166 -1 61 43423 62 43422
61 30
43423 -1 81 6906
81 40
6906 -1 41 24656
41 20
24656 -1 21 24555
21 10
24555 -1 20 24534
20 -9
24534 -1 18 24513
18 -8
24513 -1 17038 16978
17038 -1 16959 12
16959 -1 16937 10
16937 -1 8897 8
8897 -1 4 6
4 -1
6 -2
8 -3
10 -4
12 -5
16978 -1 14 16
14 -6
16 -7
62 -30
43422 -1 39634 42763 1514 6942 1510 6941 1506 6940
39634 -1 81 36967
36967 -1 68 36948
68 -33
36948 -1 64 66
64 -31
66 -32
42763 -1 70 40268 69 6943
70 -34
40268 -1 72 37648 71 6944
72 -35
37648 -1 74 32843 73 6945
74 -36
32843 -1 76 32212 75 6946
76 -37
32212 -1 78 32144 77 6947
78 -38
32144 -1 24781 32112
24781 -1 80 40 79 39
80 -39
40 -19
79 39
39 19
32112 -1 38 32090
38 -18
32090 -1 2126 32060
2126 -1 34 36
34 -16
36 -17
32060 -1 24491 24657
24491 -1 16877 41
16877 -1 16777 32
16777 -1 16752 30
16752 -1 2038 28
2038 -1 24 26
24 -11
26 -12
28 -13
30 -14
32 -15
24657 -1 22 24555
22 -10
77 38
6947 -1 37 32090
37 18
75 37
6946 -1 2129 32060
2129 -1 34 35
35 17
73 36
6945 -1 33 32060
33 16
71 35
6944 -1 1520 24657
1520 -1 16874 41
16874 -1 16777 31
31 15
69 34
6943 -1 1516 24657
1516 -1 674 41
674 -1 16752 29
29 14
1514 -1 81 643
643 -1 67 36948
67 33
6942 -1 1512 24657
1512 -1 605 41
605 -1 2038 27
27 13
1510 -1 81 577
577 -1 64 65
65 32
6941 -1 1508 24657
1508 -1 545 41
545 -1 24 25
25 12
1506 -1 81 63
63 31
6940 -1 1504 24657
1504 -1 23 41
23 11
59 29
13740 -1 81 6911
6911 -1 41 322
322 -1 19 24534
19 9
57 28
13739 -1 81 6915
6915 -1 41 273
273 -1 17 24513
17 8
255 -1 16526 254
254 -1 54 55
55 27
13738 -1 81 6919
6919 -1 41 233
233 -1 17038 232
232 -1 14 15
15 7
220 -1 16526 53
53 26
13737 -1 81 6922
6922 -1 41 193
193 -1 17038 13
13 6
170 -1 16447 51
51 25
13736 -1 81 6925
6925 -1 41 145
145 -1 16959 11
11 5
134 -1 16425 49
49 24
13735 -1 81 6929
6929 -1 41 118
118 -1 16937 9
9 4
111 -1 8257 47
47 23
13734 -1 81 6932
6932 -1 41 100
100 -1 8897 7
7 3
94 -1 44 45
45 22
13733 -1 81 6935
6935 -1 41 87
87 -1 4 5
5 2
43 21
13732 -1 81 6937
6937 -1 41 3
3 1
