5259731
5259731 -1 44 5283926 43 5283894
44 -21
5283926 -1 46 5283551 45 5283524
46 -22
5283551 -1 5282466 5283128 5282467 5283116 5282469 5283115
5282466 -1 54 56
54 -26
56 -27
5283128 -1 5269330 5282091 5269331 5282035 5269332 5282034 5269333 5282033
5269330 -1 48 5269233
48 -23
5269233 -1 50 52
50 -24
52 -25
5282091 -1 5277849 5279153 5277850 5279152 5277851 5279151 5277848 5279150
5277849 -1 57 5277751
57 28
5277751 -1 60 62
60 -29
62 -30
5279153 -1 5270950 5274511
5270950 -1 5270663 5270442
5270663 -1 68 5269751
68 -33
5269751 -1 70 72
70 -34
72 -35
5270442 -1 5270239 5270093
5270239 -1 64 66
64 -31
66 -32
5270093 -1 74 5269950
74 -36
5269950 -1 76 5269862
76 -37
5269862 -1 78 5269795
78 -38
5269795 -1 80 82
80 -39
82 -40
5274511 -1 5273057 5272823
5273057 -1 5271483 5271410
5271483 -1 4 6
4 -1
6 -2
5271410 -1 8 5271339
8 -3
5271339 -1 10 12
10 -4
12 -5
5272823 -1 5272596 5272409
5272596 -1 5271669 5271596
5271669 -1 14 16
14 -6
16 -7
5271596 -1 17 5271525
17 8
5271525 -1 20 22
20 -9
22 -10
5272409 -1 5272238 5272119
5272238 -1 28 5271711
28 -13
5271711 -1 30 32
30 -14
32 -15
5272119 -1 5272002 5271921
5272002 -1 24 26
24 -11
26 -12
5271921 -1 34 5271841
34 -16
5271841 -1 36 5271787
36 -17
5271787 -1 38 5271745
38 -18
5271745 -1 40 42
40 -19
42 -20
5277850 -1 58 5277752
58 -28
5277752 -1 60 61
61 30
5279152 -1 5270950 5274512
5274512 -1 5273057 5272822
5272822 -1 5272599 5272409
5272599 -1 5271669 5271599
5271599 -1 18 5271528
18 -8
5271528 -1 20 21
21 10
5277851 -1 58 5277753
5277753 -1 59 62
59 29
5279151 -1 5270950 5274513
5274513 -1 5273057 5272821
5272821 -1 5272602 5272409
5272602 -1 5271669 5271600
5271600 -1 18 5271526
5271526 -1 19 22
19 9
5277848 -1 58 5277751
5279150 -1 5270960 5274523 5270959 5274522 5270958 5274521 5270957 5274520 5270956 5274519 5270955 5274518 5270954 5274517 5270953 5274516 5270952 5274515 5270951 5274514
5270960 -1 5270663 5270449
5270449 -1 5270239 5270098
5270098 -1 74 5269954
5269954 -1 76 5269865
5269865 -1 78 5269797
5269797 -1 80 81
81 40
5274523 -1 5273057 5272811
5272811 -1 5272587 5272408
5272587 -1 5271669 5271598
5271598 -1 18 5271525
5272408 -1 5272238 5272118
5272118 -1 5272002 5271922
5271922 -1 34 5271842
5271842 -1 36 5271788
5271788 -1 38 5271746
5271746 -1 40 41
41 20
5270959 -1 5270663 5270448
5270448 -1 5270239 5270097
5270097 -1 74 5269953
5269953 -1 76 5269864
5269864 -1 78 5269796
5269796 -1 79 82
79 39
5274522 -1 5273057 5272812
5272812 -1 5272587 5272418
5272418 -1 5272238 5272125
5272125 -1 5272002 5271926
5271926 -1 34 5271845
5271845 -1 36 5271790
5271790 -1 38 5271747
5271747 -1 39 42
39 19
5270958 -1 5270663 5270447
5270447 -1 5270239 5270096
5270096 -1 74 5269952
5269952 -1 76 5269863
5269863 -1 77 5269795
77 38
5274521 -1 5273057 5272813
5272813 -1 5272587 5272417
5272417 -1 5272238 5272124
5272124 -1 5272002 5271925
5271925 -1 34 5271844
5271844 -1 36 5271789
5271789 -1 37 5271745
37 18
5270957 -1 5270663 5270446
5270446 -1 5270239 5270095
5270095 -1 74 5269951
5269951 -1 75 5269862
75 37
5274520 -1 5273057 5272814
5272814 -1 5272587 5272416
5272416 -1 5272238 5272123
5272123 -1 5272002 5271924
5271924 -1 34 5271843
5271843 -1 35 5271787
35 17
5270956 -1 5270663 5270445
5270445 -1 5270239 5270094
5270094 -1 73 5269950
73 36
5274519 -1 5273057 5272815
5272815 -1 5272587 5272415
5272415 -1 5272238 5272122
5272122 -1 5272002 5271923
5271923 -1 33 5271841
33 16
5270955 -1 5270670 5270442
5270670 -1 68 5269752
5269752 -1 70 71
71 35
5274518 -1 5273057 5272816
5272816 -1 5272587 5272414
5272414 -1 5272245 5272119
5272245 -1 28 5271714
5271714 -1 30 31
31 15
5270954 -1 5270667 5270442
5270667 -1 68 5269753
5269753 -1 69 72
69 34
5274517 -1 5273057 5272817
5272817 -1 5272587 5272413
5272413 -1 5272242 5272119
5272242 -1 28 5271712
5271712 -1 29 32
29 14
5270953 -1 5270664 5270442
5270664 -1 67 5269751
67 33
5274516 -1 5273057 5272818
5272818 -1 5272587 5272412
5272412 -1 5272239 5272119
5272239 -1 27 5271711
27 13
5270952 -1 5270663 5270444
5270444 -1 5270243 5270093
5270243 -1 64 65
65 32
5274515 -1 5273057 5272819
5272819 -1 5272587 5272411
5272411 -1 5272238 5272121
5272121 -1 5272006 5271921
5272006 -1 24 25
25 12
5270951 -1 5270663 5270443
5270443 -1 5270240 5270093
5270240 -1 63 66
63 31
5274514 -1 5273057 5272820
5272820 -1 5272587 5272410
5272410 -1 5272238 5272120
5272120 -1 5272003 5271921
5272003 -1 23 26
23 11
5269331 -1 47 5269233
47 23
5282035 -1 5277848 5279034
5279034 -1 5270950 5274526
5274526 -1 5273066 5272826
5273066 -1 5271483 5271411
5271411 -1 7 5271339
7 3
5272826 -1 5272587 5272409
5269332 -1 48 5269235
5269235 -1 49 52
49 24
5282034 -1 5277848 5279035
5279035 -1 5270950 5274525
5274525 -1 5273069 5272826
5273069 -1 5271483 5271412
5271412 -1 8 5271341
5271341 -1 9 12
9 4
5269333 -1 48 5269234
5269234 -1 50 51
51 25
5282033 -1 5277848 5279036
5279036 -1 5270950 5274524
5274524 -1 5273072 5272826
5273072 -1 5271483 5271413
5271413 -1 8 5271340
5271340 -1 10 11
11 5
5282467 -1 53 56
53 26
5283116 -1 5269330 5282063
5282063 -1 5277848 5279155
5279155 -1 5270950 5274509
5274509 -1 5273057 5272825
5272825 -1 5272590 5272409
5272590 -1 5271670 5271598
5271670 -1 13 16
13 6
5282469 -1 54 55
55 27
5283115 -1 5269330 5282064
5282064 -1 5277848 5279154
5279154 -1 5270950 5274510
5274510 -1 5273057 5272824
5272824 -1 5272593 5272409
5272593 -1 5271673 5271598
5271673 -1 14 15
15 7
45 22
5283524 -1 5282466 5283113
5283113 -1 5269330 5282036
5282036 -1 5277848 5279033
5279033 -1 5270950 5274527
5274527 -1 5273063 5272826
5273063 -1 5271487 5271410
5271487 -1 4 5
5 2
43 21
5283894 -1 46 5283503
5283503 -1 5282466 5283112
5283112 -1 5269330 5282032
5282032 -1 5277848 5279032
5279032 -1 5270950 5274528
5274528 -1 5273060 5272826
5273060 -1 5271484 5271410
5271484 -1 3 6
3 1
