1087
1087 -1 52721 54061 3 53961 52763 53958 52775 53955 52787 53952 52793 53949 52781 53946 52769 53932
52721 -1 22244 52720
22244 -1 22165 12
22165 -1 22143 10
22143 -1 10368 8
10368 -1 4 6
4 -1
6 -2
8 -3
10 -4
12 -5
52720 -1 14 16
14 -6
16 -7
54061 -1 17 54101 18 54089
17 8
54101 -1 41 53910
41 20
53910 -1 57 65820 58 81
57 28
65820 -1 56 65988 55 81
56 -27
65988 -1 54 66013 53 81
54 -26
66013 -1 81 65918
81 40
65918 -1 52 65892 51 2
52 -25
65892 -1 50 65867 49 2
50 -24
65867 -1 48 65843 47 2
48 -23
65843 -1 44 45 43 2
44 -21
45 22
43 21
2 0
47 23
49 24
51 25
53 26
55 27
58 -28
18 -8
54089 -1 19 54088 20 54085
19 9
54088 -1 41 54087
54087 -1 59 65622 60 81
59 29
65622 -1 58 65820 57 81
60 -29
20 -9
54085 -1 22 65101 21 65100
22 -10
65101 -1 65107 65223 65131 65222 65130 65221 65125 65220
65107 -1 41 65105
65105 -1 27 65102
27 13
65102 -1 24 26
24 -11
26 -12
65223 -1 67 65203 68 81
67 33
65203 -1 62417 64979 54209 81
62417 -1 64 66
64 -31
66 -32
64979 -1 62 65423 61 81
62 -30
65423 -1 60 65622 59 81
61 30
54209 -1 64 65 63 2
65 32
63 31
68 -33
65131 -1 41 23
23 11
65222 -1 63 64979 64 81
65130 -1 41 65126
65126 -1 24 25
25 12
65221 -1 62416 64979 38207 81
62416 -1 64 65
38207 -1 64 66 63 2
65125 -1 41 65103
65103 -1 28 65102
28 -13
65220 -1 30 65219 29 65205
30 -14
65219 -1 32 65218 31 65207
32 -15
65218 -1 34 65217 33 65209
34 -16
65217 -1 36 65216 35 65211
36 -17
65216 -1 38 65215 37 65213
38 -18
65215 -1 62981 65214 35010 81
62981 -1 40 80 39 79
40 -19
80 -39
39 19
79 39
65214 -1 78 65212 77 81
78 -38
65212 -1 76 65210 75 81
76 -37
65210 -1 74 65208 73 81
74 -36
65208 -1 72 65206 71 81
72 -35
65206 -1 70 65204 69 81
70 -34
65204 -1 68 65203 67 81
69 34
71 35
73 36
75 37
77 38
35010 -1 39 80 40 79
37 18
65213 -1 77 65212 78 81
35 17
65211 -1 75 65210 76 81
33 16
65209 -1 73 65208 74 81
31 15
65207 -1 71 65206 72 81
29 14
65205 -1 69 65204 70 81
21 10
65100 -1 41 57950
57950 -1 61 65423 62 81
3 1
53961 -1 41 53960
53960 -1 81 44
52763 -1 22244 52762
52762 -1 14 15
15 7
53958 -1 41 53957
53957 -1 55 65988 56 81
52775 -1 10368 7
7 3
53955 -1 41 53954
53954 -1 81 53090
53090 -1 47 65843 48 2
52787 -1 4 5
5 2
53952 -1 41 53951
53951 -1 81 53334
53334 -1 44 46 43 2
46 -22
52793 -1 22143 9
9 4
53949 -1 41 53948
53948 -1 81 53511
53511 -1 49 65867 50 2
52781 -1 22165 11
11 5
53946 -1 41 53945
53945 -1 81 53195
53195 -1 51 65892 52 2
52769 -1 22244 13
13 6
53932 -1 41 53931
53931 -1 53 66013 54 81
