343
343 -1 21 18010
21 10
18010 -1 18012 18121 18033 18088 18013 18068 3 18015
18012 -1 8 18011
8 -3
18011 -1 4 6
4 -1
6 -2
18121 -1 9 18120 10 18119
9 4
18120 -1 29 18105 30 41
29 14
18105 -1 28 18087 27 41
28 -13
18087 -1 41 18086
41 20
18086 -1 24 25 23 2
24 -11
25 12
23 11
2 0
27 13
30 -14
10 -4
18119 -1 12 18118 11 18107
12 -5
18118 -1 14 18117 13 18109
14 -6
18117 -1 16 18116 15 18111
16 -7
18116 -1 18 18115 17 18113
18 -8
18115 -1 15937 18114 5824 41
15937 -1 20 40 19 39
20 -9
40 -19
19 9
39 19
18114 -1 38 18112 37 41
38 -18
18112 -1 36 18110 35 41
36 -17
18110 -1 34 18108 33 41
34 -16
18108 -1 32 18106 31 41
32 -15
18106 -1 30 18105 29 41
31 15
33 16
35 17
37 18
5824 -1 19 40 20 39
17 8
18113 -1 37 18112 38 41
15 7
18111 -1 35 18110 36 41
13 6
18109 -1 33 18108 34 41
11 5
18107 -1 31 18106 32 41
18033 -1 7 18011
7 3
18088 -1 27 18087 28 41
18013 -1 4 5
5 2
18068 -1 41 18067
18067 -1 24 26 23 2
26 -12
3 1
18015 -1 41 24
