1403
1403 -1 81 26297
81 40
26297 -1 61 27509
61 30
27509 -1 63 28500 1050 28499 1061 28498 20703 28497
63 31
28500 -1 43 28326
43 21
28326 -1 23 15431
23 11
15431 -1 41 500
41 20
500 -1 21 3
21 10
3 1
1050 -1 64 65
64 -31
65 32
28499 -1 561 28325
561 -1 44 45
44 -21
45 22
28325 -1 98 15438
98 -1 24 25
24 -11
25 12
15438 -1 41 470
470 -1 21 91
91 -1 4 5
4 -1
5 2
1061 -1 67 20684
67 33
20684 -1 64 66
66 -32
28498 -1 572 28324
572 -1 3417 47
3417 -1 44 46
46 -22
47 23
28324 -1 115 15437
115 -1 1853 27
1853 -1 24 26
26 -12
27 13
15437 -1 41 472
472 -1 21 104
104 -1 7 20747
7 3
20747 -1 4 6
6 -2
20703 -1 68 20684
68 -33
28497 -1 11040 28331
11040 -1 3417 48
48 -23
28331 -1 11228 28928
11228 -1 1853 28
28 -13
28928 -1 29 28741 30 28740
29 14
28741 -1 49 28648
49 24
28648 -1 69 15436
69 34
15436 -1 41 474
474 -1 9 23084
9 4
23084 -1 21 20766
20766 -1 8 20747
8 -3
30 -14
28740 -1 50 28649
50 -24
28649 -1 70 28577
70 -34
28577 -1 31 27913 32 27912
31 15
27913 -1 51 27824
51 25
27824 -1 71 15435
71 35
15435 -1 41 476
476 -1 11 23105
11 5
23105 -1 10 23084
10 -4
32 -15
27912 -1 52 27825
52 -25
27825 -1 72 27760
72 -35
27760 -1 73 27693 74 27692
73 36
27693 -1 53 27631
53 26
27631 -1 33 18438
33 16
18438 -1 41 479
479 -1 13 23127
13 6
23127 -1 12 23105
12 -5
74 -36
27692 -1 54 27630
54 -26
27630 -1 34 27573
34 -16
27573 -1 35 26360 36 26359
35 17
26360 -1 55 25173
55 27
25173 -1 75 18437
75 37
18437 -1 41 483
483 -1 15 23150
15 7
23150 -1 14 23127
14 -6
36 -17
26359 -1 56 25174
56 -27
25174 -1 76 23583
76 -37
23583 -1 77 23526 78 23525
77 38
23526 -1 57 18436
57 28
18436 -1 41 23312
23312 -1 37 488
37 18
488 -1 17 23174
17 8
23174 -1 16 23150
16 -7
78 -38
23525 -1 58 23461
58 -28
23461 -1 59 23413 60 23412
59 29
23413 -1 79 23363
79 39
23363 -1 41 23314
23314 -1 38 23261
38 -18
23261 -1 39 23228
39 19
23228 -1 19 23199
19 9
23199 -1 18 23174
18 -8
60 -29
23412 -1 80 23362
80 -39
23362 -1 41 23313
23313 -1 38 23262
23262 -1 40 23229
40 -19
23229 -1 20 23199
20 -9
