253
253 -1 17 4364
17 8
4364 -1 9 5111
9 4
5111 -1 4 5046 3 4643
4 -1
5046 -1 6 4642 5 4641
6 -2
4642 -1 12 4586
12 -5
4586 -1 14 4585
14 -6
4585 -1 7 4584 8 4581
7 3
4584 -1 15 4583
15 7
4583 -1 33 4582
33 16
4582 -1 28 4008 27 241
28 -13
4008 -1 30 2728 29 243
30 -14
2728 -1 32 2676
32 -15
2676 -1 24 2649
24 -11
2649 -1 22 2630
22 -10
2630 -1 20 25
20 -9
25 12
29 14
243 -1 21 2630
21 10
27 13
241 -1 19 25
19 9
8 -3
4581 -1 16 4580
16 -7
4580 -1 33 4579
4579 -1 28 4004 27 241
4004 -1 30 2729 29 243
2729 -1 31 2675
31 15
2675 -1 23 2649
23 11
5 2
4641 -1 12 4595
4595 -1 13 4594
13 6
4594 -1 33 4593
4593 -1 28 2855 27 241
2855 -1 30 2730
2730 -1 32 2676 31 2675
3 1
4643 -1 11 3423
11 5
3423 -1 33 3704
3704 -1 28 3421
3421 -1 30 2730 29 243
