248
248 -1 17 6584
17 8
6584 -1 11 6594 12 6592
11 5
6594 -1 6593 6275
6593 -1 4 9
4 -1
9 4
6275 -1 33 6274
33 16
6274 -1 28 6273
28 -13
6273 -1 30 3730 29 238
30 -14
3730 -1 32 3676 31 3675
32 -15
3676 -1 24 3649
24 -11
3649 -1 22 3630
22 -10
3630 -1 20 25
20 -9
25 12
31 15
3675 -1 23 3649
23 11
29 14
238 -1 21 3630
21 10
12 -5
6592 -1 13 6591 14 6589
13 6
6591 -1 6590 6254
6590 -1 328 9
328 -1 4 6 3 2
6 -2
3 1
2 0
6254 -1 33 6253
6253 -1 28 5956 27 236
5956 -1 30 3730
27 13
236 -1 19 25
19 9
14 -6
6589 -1 5991 6587 6588 6244
5991 -1 323 9
323 -1 4 6
6587 -1 8 6586 7 6585
8 -3
6586 -1 15 6243
15 7
6243 -1 33 6242
6242 -1 28 5944 27 236
5944 -1 30 3729 29 238
3729 -1 32 3676
7 3
6585 -1 16 6241
16 -7
6241 -1 33 6240
6240 -1 28 5940 27 236
5940 -1 30 3728 29 238
3728 -1 31 3675
6588 -1 325 9
325 -1 4 5 3 2
5 2
6244 -1 15 6243 16 6241
