231
231 -1 17 7713
17 8
7713 -1 11 7723 12 7721
11 5
7723 -1 7722 7404
7722 -1 4 9
4 -1
9 4
7404 -1 25 7403
25 12
7403 -1 20 7402
20 -9
7402 -1 22 4691 21 2563
22 -10
4691 -1 24 4690 23 4689
24 -11
4690 -1 32 4688 31 33
32 -15
4688 -1 30 4351 29 33
30 -14
4351 -1 27 33
27 13
33 16
29 14
31 15
23 11
4689 -1 31 4688 32 33
21 10
2563 -1 29 4351 30 33
12 -5
7721 -1 13 7720 14 7718
13 6
7720 -1 7719 7383
7719 -1 311 9
311 -1 4 6 3 2
6 -2
3 1
2 0
7383 -1 25 7382
7382 -1 20 7085 19 1662
7085 -1 22 4691
19 9
1662 -1 28 33
28 -13
14 -6
7718 -1 7120 7716 7717 7373
7120 -1 306 9
306 -1 4 6
7716 -1 8 7715 7 7714
8 -3
7715 -1 15 7372
15 7
7372 -1 25 7371
7371 -1 20 7073 19 1662
7073 -1 22 6649 21 2563
6649 -1 24 4690
7 3
7714 -1 16 7370
16 -7
7370 -1 25 7369
7369 -1 20 7069 19 1662
7069 -1 22 6647 21 2563
6647 -1 23 4689
7717 -1 308 9
308 -1 4 5 3 2
5 2
7373 -1 15 7372 16 7370
