236
236 -1 17 5492
17 8
5492 -1 9 6239
9 4
6239 -1 4 6174 3 5771
4 -1
6174 -1 6 5770 5 5769
6 -2
5770 -1 12 5714
12 -5
5714 -1 14 5713
14 -6
5713 -1 7 5712 8 5709
7 3
5712 -1 15 5711
15 7
5711 -1 25 5710
25 12
5710 -1 20 5136 19 1596
20 -9
5136 -1 22 4842 21 2273
22 -10
4842 -1 24 3687
24 -11
3687 -1 32 3686 31 33
32 -15
3686 -1 30 3350 29 33
30 -14
3350 -1 27 33
27 13
33 16
29 14
31 15
21 10
2273 -1 29 3350 30 33
19 9
1596 -1 28 33
28 -13
8 -3
5709 -1 16 5708
16 -7
5708 -1 25 5707
5707 -1 20 5132 19 1596
5132 -1 22 4840 21 2273
4840 -1 23 3688
23 11
3688 -1 31 3686 32 33
5 2
5769 -1 12 5723
5723 -1 13 5722
13 6
5722 -1 25 5721
5721 -1 20 4844 19 1596
4844 -1 22 3689
3689 -1 23 3688 24 3687
3 1
5771 -1 11 4461
11 5
4461 -1 25 4796
4796 -1 20 4459
4459 -1 22 3689 21 2273
