1390
1390 -1 81 28322
81 40
28322 -1 61 29535
61 30
29535 -1 63 30532 1037 30531 1048 30530 22321 30529
63 31
30532 -1 43 30352
43 21
30352 -1 23 16885
23 11
16885 -1 41 7160
41 20
7160 -1 21 4
21 10
4 -1
1037 -1 64 65
64 -31
65 32
30531 -1 445 30351
445 -1 44 45
44 -21
45 22
30351 -1 329 16892
329 -1 24 25
24 -11
25 12
16892 -1 41 7530
7530 -1 21 89
89 -1 4 6 3 2
6 -2
3 1
2 0
1048 -1 67 22302
67 33
22302 -1 64 66
66 -32
30530 -1 457 30350
457 -1 3653 47
3653 -1 44 46
46 -22
47 23
30350 -1 328 16891
328 -1 1979 27
1979 -1 24 26
26 -12
27 13
16891 -1 41 7456
7456 -1 21 98
98 -1 7 22371 8 2
7 3
22371 -1 4 5 3 2
5 2
8 -3
22321 -1 68 22302
68 -33
30529 -1 12325 30357
12325 -1 3653 48
48 -23
30357 -1 12513 30960
12513 -1 1979 28
28 -13
30960 -1 29 30773 30 30772
29 14
30773 -1 49 30680
49 24
30680 -1 69 16890
69 34
16890 -1 41 7414
7414 -1 9 24912 10 21
9 4
24912 -1 21 22395
22395 -1 8 22371 7 2
10 -4
30 -14
30772 -1 50 30681
50 -24
30681 -1 70 30609
70 -34
30609 -1 31 29939 32 29938
31 15
29939 -1 51 29850
51 25
29850 -1 71 16889
71 35
16889 -1 41 7362
7362 -1 11 24950 12 21
11 5
24950 -1 10 24912 9 21
12 -5
32 -15
29938 -1 52 29851
52 -25
29851 -1 72 29786
72 -35
29786 -1 73 29719 74 29718
73 36
29719 -1 53 29657
53 26
29657 -1 33 20056
33 16
20056 -1 41 7324
7324 -1 13 24996 14 21
13 6
24996 -1 12 24950 11 21
14 -6
74 -36
29718 -1 54 29656
54 -26
29656 -1 34 29599
34 -16
29599 -1 35 28385 36 28384
35 17
28385 -1 55 27198
55 27
27198 -1 75 20055
75 37
20055 -1 41 7268
7268 -1 15 25050 16 21
15 7
25050 -1 14 24996 13 21
16 -7
36 -17
28384 -1 56 27199
56 -27
27199 -1 76 25608
76 -37
25608 -1 77 25551 78 25550
77 38
25551 -1 57 20054
57 28
20054 -1 41 25337
25337 -1 37 7232
37 18
7232 -1 17 25112 18 21
17 8
25112 -1 16 25050 15 21
18 -8
78 -38
25550 -1 58 25486
58 -28
25486 -1 59 25438 60 25437
59 29
25438 -1 79 25388
79 39
25388 -1 41 25338
25338 -1 38 25287
38 -18
25287 -1 39 25254
39 19
25254 -1 19 25182 20 21
19 9
25182 -1 18 25112 17 21
20 -9
60 -29
25437 -1 80 25387
80 -39
25387 -1 41 25339
25339 -1 38 25286
25286 -1 40 25252
40 -19
25252 -1 20 25182 19 21
