248
248 -1 17 3027
17 8
3027 -1 9 3620
9 4
3620 -1 4 3560 3 3182
4 -1
3560 -1 5 3181 6 3180
5 2
3181 -1 12 3071
12 -5
3071 -1 13 1705
13 6
1705 -1 690 2243
690 -1 20 21
20 -9
21 10
2243 -1 25 1092
25 12
1092 -1 29 2084 30 33
29 14
2084 -1 27 33
27 13
33 16
30 -14
6 -2
3180 -1 12 3072
3072 -1 14 2746
14 -6
2746 -1 7 2698 8 2697
7 3
2698 -1 15 2309
15 7
2309 -1 687 2246
687 -1 20 22
22 -10
2246 -1 25 2191
2191 -1 23 2162
23 11
2162 -1 31 2119 32 33
31 15
2119 -1 30 2084 29 33
32 -15
8 -3
2697 -1 16 2310
16 -7
2310 -1 687 2245
2245 -1 25 2192
2192 -1 24 2164
24 -11
2164 -1 32 2119 31 33
3 1
3182 -1 11 1706
11 5
1706 -1 19 2244
19 9
2244 -1 25 1079
1079 -1 28 33
28 -13
