245
245 -1 17 3734
17 8
3734 -1 12 3653 11 2203
12 -5
3653 -1 14 3519 13 3512
14 -6
3519 -1 3464 3523 3524 3413
3464 -1 322 9
322 -1 4 5 3 2
4 -1
5 2
3 1
2 0
9 4
3523 -1 15 2717 16 2716
15 7
2717 -1 753 2669
753 -1 20 22
20 -9
22 -10
2669 -1 25 2614
25 12
2614 -1 23 2585
23 11
2585 -1 31 2542 32 33
31 15
2542 -1 30 2507 29 33
30 -14
2507 -1 27 33
27 13
33 16
29 14
32 -15
16 -7
2716 -1 753 2668
2668 -1 25 2615
2615 -1 24 2587
24 -11
2587 -1 32 2542 31 33
3524 -1 320 9
320 -1 4 6
6 -2
3413 -1 8 2793 7 2792
8 -3
2793 -1 15 2717
7 3
2792 -1 16 2716
13 6
3512 -1 3468 1879
3468 -1 325 9
325 -1 4 6 3 2
1879 -1 756 2666
756 -1 20 21
21 10
2666 -1 25 1158
1158 -1 29 2507 30 33
11 5
2203 -1 2112 1880
2112 -1 4 9
1880 -1 19 2667
19 9
2667 -1 25 1145
1145 -1 28 33
28 -13
