1226
1226 -1 41 103419
41 20
103419 -1 21 105817
21 10
105817 -1 23 107495 98 107494 115 107493 69249 107492
23 11
107495 -1 3 107305
3 1
107305 -1 61 107304
61 30
107304 -1 100192 100314 100203 100313 100219 100312 100180 100311 775 64107
100192 -1 47 95103
47 23
95103 -1 44 46
44 -21
46 -22
100314 -1 67 100297 68 81
67 33
100297 -1 81 100296
81 40
100296 -1 64 65 63 2
64 -31
65 32
63 31
2 0
68 -33
100203 -1 51 100179
51 25
100179 -1 50 100178
50 -24
100178 -1 48 95103
48 -23
100313 -1 71 100299 72 81
71 35
100299 -1 70 100298 69 81
70 -34
100298 -1 68 100297 67 81
69 34
72 -35
100219 -1 49 100178
49 24
100312 -1 69 100298 70 81
100180 -1 52 100179
52 -25
100311 -1 15096 100310 15095 100303 53 100301
15096 -1 54 56
54 -26
56 -27
100310 -1 58 100309 57 100305
58 -28
100309 -1 60 100308 59 100307
60 -29
100308 -1 80 100306 79 81
80 -39
100306 -1 78 100304 77 81
78 -38
100304 -1 76 100302 75 81
76 -37
100302 -1 74 100300 73 81
74 -36
100300 -1 72 100299 71 81
73 36
75 37
77 38
79 39
59 29
100307 -1 79 100306 80 81
57 28
100305 -1 77 100304 78 81
15095 -1 54 55
55 27
100303 -1 75 100302 76 81
53 26
100301 -1 73 100300 74 81
775 -1 44 45
45 22
64107 -1 81 47927
47927 -1 64 66 63 2
66 -32
98 -1 24 25
24 -11
25 12
107494 -1 91 107101
91 -1 4 5
4 -1
5 2
107101 -1 61 107100
107100 -1 100192 100314 100203 100313 100219 100312 100180 100311 43 64047
43 21
64047 -1 81 64
115 -1 27 69230
27 13
69230 -1 24 26
26 -12
107493 -1 104 106963
104 -1 1330 7
1330 -1 4 6
6 -2
7 3
106963 -1 61 106962
106962 -1 100203 100313 100219 100312 100180 100311 775 64107 43 64047
69249 -1 28 69230
28 -13
107492 -1 24830 106802
24830 -1 1330 8
8 -3
106802 -1 9 106801 10 106798
9 4
106801 -1 29 106800
29 14
106800 -1 61 106799
106799 -1 100192 100314 100203 100313 100180 100311 775 64107 43 64047
10 -4
106798 -1 30 106797
30 -14
106797 -1 11 106796 12 106793
11 5
106796 -1 31 106795
31 15
106795 -1 61 106794
106794 -1 100192 100314 100219 100312 100180 100311 775 64107 43 64047
12 -5
106793 -1 32 106792
32 -15
106792 -1 33 106791 34 106788
33 16
106791 -1 13 106790
13 6
106790 -1 61 106789
106789 -1 100180 100851 100192 100314 100203 100313 100219 100312 775 64107 43 64047
100851 -1 15096 100310 15095 100303
34 -16
106788 -1 14 106787
14 -6
106787 -1 16 106786 15 106773
16 -7
106786 -1 36 106785
36 -17
106785 -1 37 106784 38 106781
37 18
106784 -1 17 106783
17 8
106783 -1 61 106782
106782 -1 100180 101924 100192 100314 100203 100313 100219 100312 775 64107 43 64047
101924 -1 15096 100769 15095 100303 53 100301
100769 -1 58 100309
38 -18
106781 -1 18 106780
18 -8
106780 -1 19 106779 20 106776
19 9
106779 -1 39 106778
39 19
106778 -1 61 106777
106777 -1 100180 101918 100192 100314 100203 100313 100219 100312 775 64107 43 64047
101918 -1 15096 101261 15095 100303 53 100301
101261 -1 58 100687 57 100305
100687 -1 60 100308
20 -9
106776 -1 40 106775
40 -19
106775 -1 61 106774
106774 -1 100180 101914 100192 100314 100203 100313 100219 100312 775 64107 43 64047
101914 -1 15096 101256 15095 100303 53 100301
101256 -1 58 100568 57 100305
100568 -1 59 100307
15 7
106773 -1 35 106772
35 17
106772 -1 61 106771
106771 -1 100180 101930 100192 100314 100203 100313 100219 100312 775 64107 43 64047
101930 -1 15096 100310 53 100301
