1349
1349 -1 41 71965
41 20
71965 -1 21 74370
21 10
74370 -1 23 76052 98 76051 115 76050 49616 76049
23 11
76052 -1 3 75860
3 1
75860 -1 61 75859
61 30
75859 -1 68128 61401 775 1268 68129 1243 788 1241 781 1239
68128 -1 52 66711
52 -25
66711 -1 50 66691
50 -24
66691 -1 48 66672
48 -23
66672 -1 44 46
44 -21
46 -22
61401 -1 11691 59720 11690 1251 53 1247
11691 -1 54 56
54 -26
56 -27
59720 -1 58 59475 57 1257
58 -28
59475 -1 59 59415 60 59414
59 29
59415 -1 79 59382
79 39
59382 -1 78 59357
78 -38
59357 -1 76 59333
76 -37
59333 -1 74 59310
74 -36
59310 -1 72 59288
72 -35
59288 -1 70 59267
70 -34
59267 -1 81 49714
81 40
49714 -1 68 49695
68 -33
49695 -1 64 66
64 -31
66 -32
60 -29
59414 -1 80 59382
80 -39
57 28
1257 -1 77 59357
77 38
11690 -1 54 55
55 27
1251 -1 75 59333
75 37
53 26
1247 -1 73 59310
73 36
775 -1 44 45
45 22
1268 -1 81 978
978 -1 64 65
65 32
68129 -1 51 66711
51 25
1243 -1 71 59288
71 35
788 -1 49 66691
49 24
1241 -1 69 59267
69 34
781 -1 47 66672
47 23
1239 -1 81 990
990 -1 67 49695
67 33
98 -1 24 25
24 -11
25 12
76051 -1 91 75659
91 -1 4 5
4 -1
5 2
75659 -1 61 75658
75658 -1 68128 61401 43 1266 68129 1243 788 1241 781 1239
43 21
1266 -1 81 63
63 31
115 -1 27 49597
27 13
49597 -1 24 26
26 -12
76050 -1 104 75521
104 -1 1453 7
1453 -1 4 6
6 -2
7 3
75521 -1 61 75520
75520 -1 68128 61401 775 1268 43 1266 68129 1243 788 1241
49616 -1 28 49597
28 -13
76049 -1 19464 75356
19464 -1 1453 8
8 -3
75356 -1 9 75355 10 75352
9 4
75355 -1 29 75354
29 14
75354 -1 61 75353
75353 -1 68128 61401 775 1268 43 1266 68129 1243 781 1239
10 -4
75352 -1 30 75351
30 -14
75351 -1 11 75350 12 75347
11 5
75350 -1 31 75349
31 15
75349 -1 61 75348
75348 -1 68128 61401 775 1268 43 1266 788 1241 781 1239
12 -5
75347 -1 32 75346
32 -15
75346 -1 33 75345 34 75342
33 16
75345 -1 13 75344
13 6
75344 -1 61 75343
75343 -1 68128 61379 775 1268 43 1266 68129 1243 788 1241 781 1239
61379 -1 11691 59720 11690 1251
34 -16
75342 -1 14 75341
14 -6
75341 -1 16 75340 15 75327
16 -7
75340 -1 36 75339
36 -17
75339 -1 37 75338 38 75335
37 18
75338 -1 17 75337
17 8
75337 -1 61 75336
75336 -1 68128 70461 775 1268 43 1266 68129 1243 788 1241 781 1239
70461 -1 11691 59718 11690 1251 53 1247
59718 -1 58 59475
38 -18
75335 -1 18 75334
18 -8
75334 -1 19 75333 20 75330
19 9
75333 -1 39 75332
39 19
75332 -1 61 75331
75331 -1 68128 70455 775 1268 43 1266 68129 1243 788 1241 781 1239
70455 -1 11691 69794 11690 1251 53 1247
69794 -1 58 59473 57 1257
59473 -1 60 59414
20 -9
75330 -1 40 75329
40 -19
75329 -1 61 75328
75328 -1 68128 70451 775 1268 43 1266 68129 1243 788 1241 781 1239
70451 -1 11691 69789 11690 1251 53 1247
69789 -1 58 59474 57 1257
59474 -1 59 59415
15 7
75327 -1 35 75326
35 17
75326 -1 61 75325
75325 -1 68128 70467 775 1268 43 1266 68129 1243 788 1241 781 1239
70467 -1 11691 59720 53 1247
