1172
1172 -1 41 170674
41 20
170674 -1 23 170894 329 170892 114868 170891
23 11
170894 -1 170893 170841
170893 -1 4 21
4 -1
21 10
170841 -1 61 170840
61 30
170840 -1 160968 161114 160976 161080 160987 161079 161021 161066 686 99499
160968 -1 47 156028
47 23
156028 -1 44 46
44 -21
46 -22
161114 -1 67 161064 68 81
67 33
161064 -1 81 161063
81 40
161063 -1 64 65 63 2
64 -31
65 32
63 31
2 0
68 -33
160976 -1 51 160975
51 25
160975 -1 50 160974
50 -24
160974 -1 48 156028
48 -23
161080 -1 71 161067 72 81
71 35
161067 -1 70 161065 69 81
70 -34
161065 -1 68 161064 67 81
69 34
72 -35
160987 -1 52 160975
52 -25
161079 -1 17159 161078 53 161077 17160 161076
17159 -1 54 55
54 -26
55 27
161078 -1 75 161069 76 81
75 37
161069 -1 74 161068 73 81
74 -36
161068 -1 72 161067 71 81
73 36
76 -37
53 26
161077 -1 73 161068 74 81
17160 -1 54 56
56 -27
161076 -1 57 161075 58 161074
57 28
161075 -1 77 161070 78 81
77 38
161070 -1 76 161069 75 81
78 -38
58 -28
161074 -1 60 161073 59 161072
60 -29
161073 -1 80 161071 79 81
80 -39
161071 -1 78 161070 77 81
79 39
59 29
161072 -1 79 161071 80 81
161021 -1 49 160974
49 24
161066 -1 69 161065 70 81
686 -1 44 45
45 22
99499 -1 81 71415
71415 -1 64 66 63 2
66 -32
329 -1 24 25
24 -11
25 12
170892 -1 170718 170763
170718 -1 89 21
89 -1 4 6 3 2
6 -2
3 1
170763 -1 61 170762
170762 -1 160968 161114 160976 161080 160987 161079 161021 161066 43 99427
43 21
99427 -1 81 64
114868 -1 24 26
26 -12
170891 -1 28 170890 27 170868
28 -13
170890 -1 29 170889 30 170887
29 14
170889 -1 170888 170756
170888 -1 111 21
111 -1 40640 10 40642 2
40640 -1 1276 8
1276 -1 4 6
8 -3
10 -4
40642 -1 1276 7 1278 2
7 3
1278 -1 4 5 3 2
5 2
170756 -1 61 170755
170755 -1 160968 161114 160976 161080 160987 161079 686 99499 43 99427
30 -14
170887 -1 32 170886 31 170870
32 -15
170886 -1 33 170885 16568 170883 16569 170873
33 16
170885 -1 170884 170744
170884 -1 13 170871 14 21
13 6
170871 -1 40798 21
40798 -1 40665 11 40667 2
40665 -1 40640 10
11 5
40667 -1 40640 9 40642 2
9 4
14 -6
170744 -1 61 170743
170743 -1 160987 164590 160968 161114 160976 161080 161021 161066 686 99499 43 99427
164590 -1 17159 161078 17160 161076
16568 -1 34 36
34 -16
36 -17
170883 -1 37 170882 38 170880
37 18
170882 -1 170881 170738
170881 -1 17 170874 18 21
17 8
170874 -1 1431 170871 1433 21
1431 -1 14 16
16 -7
1433 -1 14 15 13 2
15 7
18 -8
170738 -1 61 170737
170737 -1 160987 164556 160968 161114 160976 161080 161021 161066 686 99499 43 99427
164556 -1 17160 162290 17159 161078 53 161077
162290 -1 58 161074
38 -18
170880 -1 40 170879 39 170877
40 -19
170879 -1 170878 170732
170878 -1 20 170875 19 21
20 -9
170875 -1 18 170874 17 21
19 9
170732 -1 61 170731
170731 -1 160987 164550 160968 161114 160976 161080 161021 161066 686 99499 43 99427
164550 -1 17160 162261 17159 161078 53 161077
162261 -1 58 161510 57 161075
161510 -1 59 161072
39 19
170877 -1 170876 170723
170876 -1 19 170875 20 21
170723 -1 61 170722
170722 -1 160987 164543 160968 161114 160976 161080 161021 161066 686 99499 43 99427
164543 -1 17160 162273 17159 161078 53 161077
162273 -1 58 161399 57 161075
161399 -1 60 161073
16569 -1 34 35
35 17
170873 -1 170872 170715
170872 -1 1434 170871 1436 21
1434 -1 14 15
1436 -1 14 16 13 2
170715 -1 61 170714
170714 -1 160987 164529 160968 161114 160976 161080 161021 161066 686 99499 43 99427
164529 -1 53 161077 17160 161076
31 15
170870 -1 170869 170750
170869 -1 40801 21
40801 -1 40665 12 40667 2
12 -5
170750 -1 61 170749
170749 -1 160968 161114 160987 161079 161021 161066 686 99499 43 99427
27 13
170868 -1 170867 170710
170867 -1 98 21
98 -1 1276 8 1278 2
170710 -1 61 170709
170709 -1 160976 161080 160987 161079 161021 161066 686 99499 43 99427
