260
260 -1 17 3557
17 8
3557 -1 12 3476 11 2063
12 -5
3476 -1 14 3342 13 3335
14 -6
3342 -1 3287 3346 3347 3236
3287 -1 337 9
337 -1 4 5 3 2
4 -1
5 2
3 1
2 0
9 4
3346 -1 15 2540 16 2539
15 7
2540 -1 768 2492
768 -1 20 22
20 -9
22 -10
2492 -1 25 2437
25 12
2437 -1 23 2409
23 11
2409 -1 31 2386
31 15
2386 -1 30 2367
30 -14
2367 -1 28 33
28 -13
33 16
16 -7
2539 -1 768 2491
2491 -1 25 2438
2438 -1 24 2410
24 -11
2410 -1 32 2386
32 -15
3347 -1 335 9
335 -1 4 6
6 -2
3236 -1 8 2616 7 2615
8 -3
2616 -1 15 2540
7 3
2615 -1 16 2539
13 6
3335 -1 3291 1739
3291 -1 340 9
340 -1 4 6 3 2
1739 -1 771 2489
771 -1 20 21
21 10
2489 -1 25 255
255 -1 29 2367
29 14
11 5
2063 -1 1972 1740
1972 -1 4 9
1740 -1 19 2490
19 9
2490 -1 25 243
243 -1 27 33
27 13
