1321
1321 -1 41 28305
41 20
28305 -1 21 29510
21 10
29510 -1 23 30495 98 30494 115 30493 22188 30492
23 11
30495 -1 3 30322
3 1
30322 -1 43 16762
43 21
16762 -1 61 5727
61 30
5727 -1 81 64
81 40
64 -31
98 -1 24 25
24 -11
25 12
30494 -1 91 30321
91 -1 4 5
4 -1
5 2
30321 -1 561 16755
561 -1 44 45
44 -21
45 22
16755 -1 61 6174
6174 -1 81 1044
1044 -1 64 66 63 2
66 -32
63 31
2 0
115 -1 27 22169
27 13
22169 -1 24 26
26 -12
30493 -1 104 30320
104 -1 1425 7
1425 -1 4 6
6 -2
7 3
30320 -1 572 16756
572 -1 3335 47
3335 -1 44 46
46 -22
47 23
16756 -1 61 6093
6093 -1 67 24835 68 81
67 33
24835 -1 81 22238
22238 -1 64 65 63 2
65 32
68 -33
22188 -1 28 22169
28 -13
30492 -1 12101 30327
12101 -1 1425 8
8 -3
30327 -1 12289 30920
12289 -1 3335 48
48 -23
30920 -1 49 30735 50 30734
49 24
30735 -1 9 30643
9 4
30643 -1 29 16757
29 14
16757 -1 61 6037
6037 -1 69 24872 70 81
69 34
24872 -1 68 24835 67 81
70 -34
50 -24
30734 -1 10 30644
10 -4
30644 -1 30 30572
30 -14
30572 -1 51 29913 52 29912
51 25
29913 -1 11 29825
11 5
29825 -1 31 16758
31 15
16758 -1 61 5971
5971 -1 71 24917 72 81
71 35
24917 -1 70 24872 69 81
72 -35
52 -25
29912 -1 12 29826
12 -5
29826 -1 32 29761
32 -15
29761 -1 33 29694 34 29693
33 16
29694 -1 13 29632
13 6
29632 -1 53 19932
53 26
19932 -1 61 5923
5923 -1 73 24970 74 81
73 36
24970 -1 72 24917 71 81
74 -36
34 -16
29693 -1 14 29631
14 -6
29631 -1 54 29574
54 -26
29574 -1 55 28368 56 28367
55 27
28368 -1 15 27188
15 7
27188 -1 35 19933
35 17
19933 -1 61 5626
5626 -1 75 25031 76 81
75 37
25031 -1 74 24970 73 81
76 -37
56 -27
28367 -1 16 27189
16 -7
27189 -1 36 25606
36 -17
25606 -1 37 25549 38 25548
37 18
25549 -1 17 19934
17 8
19934 -1 61 25336
25336 -1 57 5809
57 28
5809 -1 77 25100 78 81
77 38
25100 -1 76 25031 75 81
78 -38
38 -18
25548 -1 18 25484
18 -8
25484 -1 19 25436 20 25435
19 9
25436 -1 39 25386
39 19
25386 -1 61 25338
25338 -1 58 25286
58 -28
25286 -1 59 25252
59 29
25252 -1 79 25177 80 81
79 39
25177 -1 78 25100 77 81
80 -39
20 -9
25435 -1 40 25385
40 -19
25385 -1 61 25337
25337 -1 58 25287
25287 -1 60 25254
60 -29
25254 -1 80 25177 79 81
