263
263 -1 17 2850
17 8
2850 -1 9 3443
9 4
3443 -1 4 3383 3 3005
4 -1
3383 -1 5 3004 6 3003
5 2
3004 -1 12 2894
12 -5
2894 -1 13 1565
13 6
1565 -1 705 2066
705 -1 20 21
20 -9
21 10
2066 -1 25 258
25 12
258 -1 29 1944
29 14
1944 -1 28 33
28 -13
33 16
6 -2
3003 -1 12 2895
2895 -1 14 2569
14 -6
2569 -1 7 2521 8 2520
7 3
2521 -1 15 2132
15 7
2132 -1 702 2069
702 -1 20 22
22 -10
2069 -1 25 2014
2014 -1 23 1986
23 11
1986 -1 31 1963
31 15
1963 -1 30 1944
30 -14
8 -3
2520 -1 16 2133
16 -7
2133 -1 702 2068
2068 -1 25 2015
2015 -1 24 1987
24 -11
1987 -1 32 1963
32 -15
3 1
3005 -1 11 1566
11 5
1566 -1 19 2067
19 9
2067 -1 25 246
246 -1 27 33
27 13
