1308
1308 -1 41 45619
41 20
45619 -1 35600 44557 23 9067 329 9035
35600 -1 24 26
24 -11
26 -12
44557 -1 28 43580 27 9036
28 -13
43580 -1 30 43208 29 9040
30 -14
43208 -1 32 42916 31 9046
32 -15
42916 -1 9159 42518 9158 9061 33 9056
9159 -1 34 36
34 -16
36 -17
42518 -1 38 42160 37 9064
38 -18
42160 -1 40 42002 39 42001
40 -19
42002 -1 41936 41878
41936 -1 20 22891 19 21
20 -9
22891 -1 18 22844 17 21
18 -8
22844 -1 1567 22802 1569 21
1567 -1 14 16
14 -6
16 -7
22802 -1 17763 21
17763 -1 17627 11 17629 2
17627 -1 17602 10
17602 -1 1412 8
1412 -1 4 6
4 -1
6 -2
8 -3
10 -4
11 5
17629 -1 17602 9 17604 2
9 4
17604 -1 1412 7 1414 2
7 3
1414 -1 4 5 3 2
5 2
3 1
2 0
21 10
1569 -1 14 15 13 2
15 7
13 6
17 8
19 9
41878 -1 18013 41704
18013 -1 17913 52
17913 -1 17888 50
17888 -1 3571 48
3571 -1 44 46
44 -21
46 -22
48 -23
50 -24
52 -25
41704 -1 3686 41613
3686 -1 54 56
54 -26
56 -27
41613 -1 61 41535
61 30
41535 -1 58 41484
58 -28
41484 -1 60 41451
60 -29
41451 -1 80 41374 79 81
80 -39
41374 -1 78 41297 77 81
78 -38
41297 -1 76 41228 75 81
76 -37
41228 -1 74 41167 73 81
74 -36
41167 -1 72 41114 71 81
72 -35
41114 -1 70 41069 69 81
70 -34
41069 -1 68 41032 67 81
68 -33
41032 -1 81 35648
81 40
35648 -1 64 65 63 2
64 -31
65 32
63 31
67 33
69 34
71 35
73 36
75 37
77 38
79 39
39 19
42001 -1 41939 41877
41939 -1 19 22891 20 21
41877 -1 18013 41703
41703 -1 3686 41612
41612 -1 61 41534
41534 -1 58 41483
41483 -1 59 41449
59 29
41449 -1 79 41374 80 81
37 18
9064 -1 8795 41875
8795 -1 17 22844 18 21
41875 -1 18013 41702
41702 -1 3686 41611
41611 -1 61 41533
41533 -1 57 6045
57 28
6045 -1 77 41297 78 81
9158 -1 34 35
35 17
9061 -1 8729 41874
8729 -1 1570 22802 1572 21
1570 -1 14 15
1572 -1 14 16 13 2
41874 -1 18013 41701
41701 -1 3689 41610
3689 -1 54 55
55 27
41610 -1 61 5862
5862 -1 75 41228 76 81
33 16
9056 -1 8691 41873
8691 -1 13 22802 14 21
41873 -1 18013 41700
41700 -1 53 41609
53 26
41609 -1 61 6159
6159 -1 73 41167 74 81
31 15
9046 -1 8634 41872
8634 -1 17760 21
17760 -1 17627 12 17629 2
12 -5
41872 -1 18010 23632
18010 -1 17913 51
51 25
23632 -1 61 6207
6207 -1 71 41114 72 81
29 14
9040 -1 8588 41871
8588 -1 111 21
111 -1 17602 10 17604 2
41871 -1 473 23631
473 -1 17888 49
49 24
23631 -1 61 6273
6273 -1 69 41069 70 81
27 13
9036 -1 8530 41870
8530 -1 98 21
98 -1 1412 8 1414 2
41870 -1 457 23630
457 -1 3571 47
47 23
23630 -1 61 6329
6329 -1 67 41032 68 81
23 11
9067 -1 8831 41876
8831 -1 4 21
41876 -1 43 23636
43 21
23636 -1 61 5963
5963 -1 81 64
329 -1 24 25
25 12
9035 -1 8439 41869
8439 -1 89 21
89 -1 4 6 3 2
41869 -1 445 23629
445 -1 44 45
45 22
23629 -1 61 6410
6410 -1 81 1031
1031 -1 64 66 63 2
66 -32
