1295
1295 -1 81 102105
81 40
102105 -1 1211 101959 1213 101957 79384 101956
1211 -1 61 43
61 30
43 21
101959 -1 63 101658
63 31
101658 -1 41 101657
41 20
101657 -1 97593 97758 97582 97696 97675 97694 97632 97681 329 97606
97593 -1 31 97592
31 15
97592 -1 30 97591
30 -14
97591 -1 28 92698
28 -13
92698 -1 24 26
24 -11
26 -12
97758 -1 11 97682 12 21
11 5
97682 -1 10 97680 9 21
10 -4
97680 -1 21 97679
21 10
97679 -1 8 97678 7 2
8 -3
97678 -1 4 5 3 2
4 -1
5 2
3 1
2 0
7 3
9 4
12 -5
97582 -1 27 92698
27 13
97696 -1 21 97695
97695 -1 7 97678 8 2
97675 -1 32 97592
32 -15
97694 -1 14285 97693 33 97686 14286 97685
14285 -1 34 36
34 -16
36 -17
97693 -1 38 97692 37 97688
38 -18
97692 -1 40 97691 39 97690
40 -19
97691 -1 20 97689 19 21
20 -9
97689 -1 18 97687 17 21
18 -8
97687 -1 16 97684 15 21
16 -7
97684 -1 14 97683 13 21
14 -6
97683 -1 12 97682 11 21
13 6
15 7
17 8
19 9
39 19
97690 -1 19 97689 20 21
37 18
97688 -1 17 97687 18 21
33 16
97686 -1 13 97683 14 21
14286 -1 34 35
35 17
97685 -1 15 97684 16 21
97632 -1 29 97591
29 14
97681 -1 9 97680 10 21
329 -1 24 25
25 12
97606 -1 21 46773
46773 -1 4 6 3 2
6 -2
1213 -1 61 686
686 -1 44 45
44 -21
45 22
101957 -1 924 101598
924 -1 64 65
64 -31
65 32
101598 -1 41 101597
101597 -1 97593 97758 97582 97696 97675 97694 97632 97681 23 97677
23 11
97677 -1 21 4
79384 -1 61 67498
67498 -1 44 46
46 -22
101956 -1 4014 102909
4014 -1 64 66
66 -32
102909 -1 67 102702 68 102701
67 33
102702 -1 47 101550
47 23
101550 -1 41 101549
101549 -1 97593 97758 97675 97694 97632 97681 23 97677 329 97606
68 -33
102701 -1 48 102582
48 -23
102582 -1 70 102581 69 102555
70 -34
102581 -1 50 102580
50 -24
102580 -1 71 102579 72 102576
71 35
102579 -1 51 102578
51 25
102578 -1 41 102577
102577 -1 97582 97696 97675 97694 97632 97681 23 97677 329 97606
72 -35
102576 -1 52 102575
52 -25
102575 -1 13797 102574 13798 102571 53 102558
13797 -1 54 55
54 -26
55 27
102574 -1 4105 102573
4105 -1 74 75
74 -36
75 37
102573 -1 41 102572
102572 -1 97675 99159 97593 97758 97582 97696 97632 97681 23 97677 329 97606
99159 -1 14285 97693 33 97686
13798 -1 54 56
56 -27
102571 -1 4102 102570
4102 -1 74 76
76 -37
102570 -1 58 102569 57 102561
58 -28
102569 -1 78 102568
78 -38
102568 -1 80 102567 79 102564
80 -39
102567 -1 60 102566
60 -29
102566 -1 41 102565
102565 -1 97675 99226 97593 97758 97582 97696 97632 97681 23 97677 329 97606
99226 -1 14285 98750 33 97686 14286 97685
98750 -1 38 98099 37 97688
98099 -1 39 97690
79 39
102564 -1 59 102563
59 29
102563 -1 41 102562
102562 -1 97675 99230 97593 97758 97582 97696 97632 97681 23 97677 329 97606
99230 -1 14285 98755 33 97686 14286 97685
98755 -1 38 98219 37 97688
98219 -1 40 97691
57 28
102561 -1 77 102560
77 38
102560 -1 41 102559
102559 -1 97675 99222 97593 97758 97582 97696 97632 97681 23 97677 329 97606
99222 -1 14285 98300 33 97686 14286 97685
98300 -1 38 97692
53 26
102558 -1 73 102557
73 36
102557 -1 41 102556
102556 -1 97675 99247 97593 97758 97582 97696 97632 97681 23 97677 329 97606
99247 -1 14285 97693 14286 97685
69 34
102555 -1 49 102554
49 24
102554 -1 41 102553
102553 -1 97593 97758 97582 97696 97675 97694 23 97677 329 97606
