469
469 -1 41 12813
41 20
12813 -1 9256 12077 23 451 71 423 54 421
9256 -1 28 9237
28 -13
9237 -1 24 26
24 -11
26 -12
12077 -1 30 11667 29 425
30 -14
11667 -1 32 11498 31 427
32 -15
11498 -1 34 11364 33 430
34 -16
11364 -1 36 11265 35 434
36 -17
11265 -1 38 11200 37 439
38 -18
11200 -1 4342 11168
4342 -1 40 20 39 19
40 -19
20 -9
39 19
19 9
11168 -1 18 11148
18 -8
11148 -1 16 11124
16 -7
11124 -1 14 11101
14 -6
11101 -1 12 11079
12 -5
11079 -1 10 11058
10 -4
11058 -1 21 9319
21 10
9319 -1 8 9300
8 -3
9300 -1 4 6
4 -1
6 -2
37 18
439 -1 17 11148
17 8
35 17
434 -1 15 11124
15 7
33 16
430 -1 13 11101
13 6
31 15
427 -1 11 11079
11 5
29 14
425 -1 9 11058
9 4
23 11
451 -1 21 3
3 1
71 -1 27 9237
27 13
423 -1 21 60
60 -1 7 9300
7 3
54 -1 24 25
25 12
421 -1 21 47
47 -1 4 5
5 2
